# Wavelength $[\AA]$,Flux $[erg/sec/cm^2/\AA ]$
1.000000000000000000e+00 0.000000000000000000e+00
1.100900900900900936e+01 0.000000000000000000e+00
2.101801801801801872e+01 0.000000000000000000e+00
3.102702702702702808e+01 6.756597548755507863e-246
4.103603603603603034e+01 7.870611192775617859e-181
5.104504504504503615e+01 2.191505050219157683e-141
6.105405405405405617e+01 6.058004386724069359e-115
7.106306306306305487e+01 5.310330603961054655e-96
8.107207207207206068e+01 8.969000756016768976e-82
9.108108108108106649e+01 1.056452664781589513e-70
1.010900900900900723e+02 7.567701125334429029e-62
1.110990990990990781e+02 1.315672251270824545e-54
1.211081081081080981e+02 1.400903311104230744e-48
1.311171171171171181e+02 1.736819714906311213e-43
1.411261261261261097e+02 3.970712852796407473e-39
1.511351351351351298e+02 2.346416013833622506e-35
1.611441441441441498e+02 4.618344985085670053e-32
1.711531531531531698e+02 3.676211504718127765e-29
1.811621621621621614e+02 1.376417236444635349e-26
1.911711711711711814e+02 2.731198694903632460e-24
2.011801801801801730e+02 3.159944044467313440e-22
2.111891891891891930e+02 2.303066577573403641e-20
2.211981981981981846e+02 1.126447279274740934e-18
2.312072072072072046e+02 3.895748199743892807e-17
2.412162162162162247e+02 9.950862641903061123e-16
2.512252252252252163e+02 1.947181005433989180e-14
2.612342342342342363e+02 3.010696626568804330e-13
2.712432432432432279e+02 3.776489181919229837e-12
2.812522522522522195e+02 3.930769649935250117e-11
2.912612612612612111e+02 3.461680085837501913e-10
3.012702702702702027e+02 2.623242505929299392e-09
3.112792792792793080e+02 1.735828733466803903e-08
3.212882882882882427e+02 1.015939009683684955e-07
3.312972972972972343e+02 5.318853190169963980e-07
3.413063063063063396e+02 2.515804706535614124e-06
3.513153153153153312e+02 1.084595372951564081e-05
3.613243243243242659e+02 4.295237022981210394e-05
3.713333333333332575e+02 1.573485777804074738e-04
3.813423423423423628e+02 5.365401732486329515e-04
3.913513513513513544e+02 1.712512244680141618e-03
4.013603603603603460e+02 5.142108541661511920e-03
4.113693693693693945e+02 1.459132296123252445e-02
4.213783783783783861e+02 3.928936286656085214e-02
4.313873873873873777e+02 1.007619242520306768e-01
4.413963963963963693e+02 2.469594187647886629e-01
4.514054054054054177e+02 5.802266376882105892e-01
4.614144144144144093e+02 1.310481678561089769e+00
4.714234234234234009e+02 2.852589571516122025e+00
4.814324324324324493e+02 5.998503940928910261e+00
4.914414414414414409e+02 1.221175938831926722e+01
5.014504504504504325e+02 2.411603667930455330e+01
5.114594594594594241e+02 4.628270317788307153e+01
5.214684684684684726e+02 8.646647125709586135e+01
5.314774774774774642e+02 1.574956116198635243e+02
5.414864864864864558e+02 2.800953091392602232e+02
5.514954954954954474e+02 4.870111772223651201e+02
5.615045045045044390e+02 8.289054936702018495e+02
5.715135135135134306e+02 1.382621455611317288e+03
5.815225225225224222e+02 2.262549804865276656e+03
5.915315315315315274e+02 3.635985619091990429e+03
6.015405405405404053e+02 5.743527843087938891e+03
6.115495495495495106e+02 8.925746068773469233e+03
6.215585585585585022e+02 1.365751293137629000e+04
6.315675675675674938e+02 2.059157013781073329e+04
6.415765765765764854e+02 3.061305475219490108e+04
6.515855855855854770e+02 4.490685267501799535e+04
6.615945945945944686e+02 6.503976088394335238e+04
6.716036036036034602e+02 9.305952177300123731e+04
6.816126126126125655e+02 1.316128351775823976e+05
6.916216216216215571e+02 1.840844505879135104e+05
7.016306306306305487e+02 2.547593889321484894e+05
7.116396396396395403e+02 3.490102367963379947e+05
7.216486486486485319e+02 4.735112942051616847e+05
7.316576576576575235e+02 6.364811399023677222e+05
7.416666666666665151e+02 8.479549068948441418e+05
7.516756756756756204e+02 1.120087238946808502e+06
7.616846846846846120e+02 1.467486530360877514e+06
7.716936936936936036e+02 1.907580642788757337e+06
7.817027027027025952e+02 2.461013851201614831e+06
7.917117117117115868e+02 3.152074304719625041e+06
8.017207207207205784e+02 4.009150805660632439e+06
8.117297297297295700e+02 5.065217221277538687e+06
8.217387387387386752e+02 6.358342356742342934e+06
8.317477477477476668e+02 7.932222644437129609e+06
8.417567567567566584e+02 9.836734552634002641e+06
8.517657657657656500e+02 1.212850319471448287e+07
8.617747747747746416e+02 1.487148323598634079e+07
8.717837837837836332e+02 1.813754785575458035e+07
8.817927927927926248e+02 2.200708123341972008e+07
8.918018018018017301e+02 2.656956979370029271e+07
9.018108108108107217e+02 3.192418727110691369e+07
9.118198198198197133e+02 3.818036853984437138e+07
9.218288288288287049e+02 4.545836710349179059e+07
9.318378378378376965e+02 5.388979114907958359e+07
9.418468468468466881e+02 6.361811314142795652e+07
9.518558558558556797e+02 7.479914806371745467e+07
9.618648648648647850e+02 8.760149559623776376e+07
9.718738738738737766e+02 1.022069417632750720e+08
9.818828828828827682e+02 1.188108158637724966e+08
9.918918918918917598e+02 1.376222988296462595e+08
1.001900900900900751e+03 1.588646795211920142e+08
1.011909909909909743e+03 1.827755558660471737e+08
1.021918918918918735e+03 2.096069781709730923e+08
1.031927927927927612e+03 2.396255323782676756e+08
1.041936936936936945e+03 2.731123614950761199e+08
1.051945945945945823e+03 3.103631238885648847e+08
1.061954954954954928e+03 3.516878876072155833e+08
1.071963963963963806e+03 3.974109603532706499e+08
1.081972972972972912e+03 4.478706551886299253e+08
1.091981981981981789e+03 5.034189925018332601e+08
1.101990990990990667e+03 5.644213391930186749e+08
1.112000000000000000e+03 6.312559864433180094e+08
1.122009009009008878e+03 7.043136678218522072e+08
1.132018018018017983e+03 7.839970198446906805e+08
1.142027027027026861e+03 8.707199874334319830e+08
1.152036036036035966e+03 9.649071770249407291e+08
1.162045045045044844e+03 1.066993160356577516e+09
1.172054054054053950e+03 1.177421732192456245e+09
1.182063063063063055e+03 1.296645125464987993e+09
1.192072072072071933e+03 1.425123187482334137e+09
1.202081081081081038e+03 1.563322520996545315e+09
1.212090090090090143e+03 1.711715594039489269e+09
1.222099099099099249e+03 1.870779822515298843e+09
1.232108108108108127e+03 2.040996629589519978e+09
1.242117117117117232e+03 2.222850485938416481e+09
1.252126126126126110e+03 2.416827934917299747e+09
1.262135135135135215e+03 2.623416606677564144e+09
1.272144144144144093e+03 2.843104225207788944e+09
1.282153153153153198e+03 3.076377612199147701e+09
1.292162162162162304e+03 3.323721691538690567e+09
1.302171171171171181e+03 3.585618498120357990e+09
1.312180180180180287e+03 3.862546194532152176e+09
1.322189189189189165e+03 4.154978099032718182e+09
1.332198198198198270e+03 4.463381728072937965e+09
1.342207207207207148e+03 4.788217856448308945e+09
1.352216216216216253e+03 5.129939597991279602e+09
1.362225225225225358e+03 5.488991509526039124e+09
1.372234234234234236e+03 5.865808720618859291e+09
1.382243243243243342e+03 6.260816091461120605e+09
1.392252252252252219e+03 6.674427401024888039e+09
1.402261261261261325e+03 7.107044567432760239e+09
1.412270270270270203e+03 7.559056902283768654e+09
1.422279279279279308e+03 8.030840400481696129e+09
1.432288288288288413e+03 8.522757066914617538e+09
1.442297297297297291e+03 9.035154281145669937e+09
1.452306306306306396e+03 9.568364201084859848e+09
1.462315315315315274e+03 1.012270320643181992e+10
1.472324324324324380e+03 1.069847138250049210e+10
1.482333333333333258e+03 1.129595204486874199e+10
1.492342342342342363e+03 1.191541130513000107e+10
1.502351351351351468e+03 1.255709767787010193e+10
1.512360360360360346e+03 1.322124172884231567e+10
1.522369369369369451e+03 1.390805576417386627e+10
1.532378378378378329e+03 1.461773356030438232e+10
1.542387387387387435e+03 1.535045013423252869e+10
1.552396396396396312e+03 1.610636155353127670e+10
1.562405405405405418e+03 1.688560478548430634e+10
1.572414414414414523e+03 1.768829758459864044e+10
1.582423423423423401e+03 1.851453841765400314e+10
1.592432432432432506e+03 1.936440642537183380e+10
1.602441441441441384e+03 2.023796141970611954e+10
1.612450450450450489e+03 2.113524391569859314e+10
1.622459459459459367e+03 2.205627519677306366e+10
1.632468468468468473e+03 2.300105741230017471e+10
1.642477477477477578e+03 2.396957370621225357e+10
1.652486486486486456e+03 2.496178837541482544e+10
1.662495495495495561e+03 2.597764705670721817e+10
1.672504504504504439e+03 2.701707694090051651e+10
1.682513513513513544e+03 2.807998701280199051e+10
1.692522522522522422e+03 2.916626831572135162e+10
1.702531531531531527e+03 3.027579423914697266e+10
1.712540540540540633e+03 3.140842082823433685e+10
1.722549549549549511e+03 3.256398711375468445e+10
1.732558558558558616e+03 3.374231546115324402e+10
1.742567567567567494e+03 3.494321193737925720e+10
1.752576576576576599e+03 3.616646669416231537e+10
1.762585585585585477e+03 3.741185436642809296e+10
1.772594594594594582e+03 3.867913448456353760e+10
1.782603603603603688e+03 3.996805189926906586e+10
1.792612612612612565e+03 4.127833721775632477e+10
1.802621621621621671e+03 4.260970725008348083e+10
1.812630630630630549e+03 4.396186546444306183e+10
1.822639639639639654e+03 4.533450245025690460e+10
1.832648648648648532e+03 4.672729638796012878e+10
1.842657657657657637e+03 4.813991352439336395e+10
1.852666666666666742e+03 4.957200865275962067e+10
1.862675675675675620e+03 5.102322559613627625e+10
1.872684684684684726e+03 5.249319769357276154e+10
1.882693693693693604e+03 5.398154828784066772e+10
1.892702702702702709e+03 5.548789121394514465e+10
1.902711711711711587e+03 5.701183128753936768e+10
1.912720720720720692e+03 5.855296479243179321e+10
1.922729729729729797e+03 6.011087996640398407e+10
1.932738738738738675e+03 6.168515748460736847e+10
1.942747747747747781e+03 6.327537093983560181e+10
1.952756756756756658e+03 6.488108731901428223e+10
1.962765765765765764e+03 6.650186747528623199e+10
1.972774774774774642e+03 6.813726659510488892e+10
1.982783783783783747e+03 6.978683465978918457e+10
1.992792792792792625e+03 7.145011690102593994e+10
2.002801801801801730e+03 7.312665424984428406e+10
2.012810810810810835e+03 7.481598377861801147e+10
2.022819819819819713e+03 7.651763913568688965e+10
2.032828828828828819e+03 7.823115097222183228e+10
2.042837837837837696e+03 7.995604736098724365e+10
2.052846846846846802e+03 8.169185420668911743e+10
2.062855855855855680e+03 8.343809564762313843e+10
2.072864864864864558e+03 8.519429444836946106e+10
2.082873873873873890e+03 8.695997238330537415e+10
2.092882882882882768e+03 8.873465061073628235e+10
2.102891891891891646e+03 9.051785003747233582e+10
2.112900900900900524e+03 9.230909167369633484e+10
2.122909909909909857e+03 9.410789697800238037e+10
2.132918918918918735e+03 9.591378819249748230e+10
2.142927927927927612e+03 9.772628866788700867e+10
2.152936936936936945e+03 9.954492317848181152e+10
2.162945945945945823e+03 1.013692182270861511e+11
2.172954954954954701e+03 1.031987023397432251e+11
2.182963963963963579e+03 1.050329063503334808e+11
2.192972972972972912e+03 1.068713636750379639e+11
2.202981981981981789e+03 1.087136105766927032e+11
2.212990990990990667e+03 1.105591864190798340e+11
2.223000000000000000e+03 1.124076339112055969e+11
2.233009009009008878e+03 1.142584993416428833e+11
2.243018018018017756e+03 1.161113328030132751e+11
2.253027027027026634e+03 1.179656884067063293e+11
2.263036036036035966e+03 1.198211244879365082e+11
2.273045045045044844e+03 1.216772038012555847e+11
2.283054054054053722e+03 1.235334937066384888e+11
2.293063063063063055e+03 1.253895663462814636e+11
2.303072072072071933e+03 1.272449988122413940e+11
2.313081081081080811e+03 1.290993733050737610e+11
2.323090090090089689e+03 1.309522772836131897e+11
2.333099099099099021e+03 1.328033036060587311e+11
2.343108108108107899e+03 1.346520506625291290e+11
2.353117117117116777e+03 1.364981224992527466e+11
2.363126126126126110e+03 1.383411289345675049e+11
2.373135135135134988e+03 1.401806856669052734e+11
2.383144144144143866e+03 1.420164143749402161e+11
2.393153153153153198e+03 1.438479428100848694e+11
2.403162162162161621e+03 1.456749048815150757e+11
2.413171171171170954e+03 1.474969407339102173e+11
2.423180180180179832e+03 1.493136968180989380e+11
2.433189189189189165e+03 1.511248259547923584e+11
2.443198198198198497e+03 1.529299873916023865e+11
2.453207207207206920e+03 1.547288468535233154e+11
2.463216216216215798e+03 1.565210765870769043e+11
2.473225225225225131e+03 1.583063553982993469e+11
2.483234234234234464e+03 1.600843686847690430e+11
2.493243243243243342e+03 1.618548084618497314e+11
2.503252252252251765e+03 1.636173733833478088e+11
2.513261261261261097e+03 1.653717687567593994e+11
2.523270270270270430e+03 1.671177065532960815e+11
2.533279279279279308e+03 1.688549054128657837e+11
2.543288288288287731e+03 1.705830906441938171e+11
2.553297297297297064e+03 1.723019942202566528e+11
2.563306306306305942e+03 1.740113547692083435e+11
2.573315315315315274e+03 1.757109175609665222e+11
2.583324324324324607e+03 1.774004344896349792e+11
2.593333333333333030e+03 1.790796640519246216e+11
2.603342342342341908e+03 1.807483713217416687e+11
2.613351351351351241e+03 1.824063279211029968e+11
2.623360360360360573e+03 1.840533119875390015e+11
2.633369369369368997e+03 1.856891081381393738e+11
2.643378378378377874e+03 1.873135074303948669e+11
2.653387387387387207e+03 1.889263073199861145e+11
2.663396396396396540e+03 1.905273116156647949e+11
2.673405405405405418e+03 1.921163304313712463e+11
2.683414414414413841e+03 1.936931801357311707e+11
2.693423423423423174e+03 1.952576832990632629e+11
2.703432432432432506e+03 1.968096686380381165e+11
2.713441441441441384e+03 1.983489709581131897e+11
2.723450450450450717e+03 1.998754310938759155e+11
2.733459459459459140e+03 2.013888958474152832e+11
2.743468468468468018e+03 2.028892179248442688e+11
2.753477477477477350e+03 2.043762558710895996e+11
2.763486486486486683e+03 2.058498740030661011e+11
2.773495495495495106e+03 2.073099423413413086e+11
2.783504504504503984e+03 2.087563365404009399e+11
2.793513513513513317e+03 2.101889378176232300e+11
2.803522522522522650e+03 2.116076328810534973e+11
2.813531531531531527e+03 2.130123138560899963e+11
2.823540540540539951e+03 2.144028782111648560e+11
2.833549549549549283e+03 2.157792286825186157e+11
2.843558558558558616e+03 2.171412731981549683e+11
2.853567567567567494e+03 2.184889248010636292e+11
2.863576576576576826e+03 2.198221015717913513e+11
2.873585585585585250e+03 2.211407265504428101e+11
2.883594594594594582e+03 2.224447276581916199e+11
2.893603603603603460e+03 2.237340376183682861e+11
2.903612612612612793e+03 2.250085938772093811e+11
2.913621621621621216e+03 2.262683385243193359e+11
2.923630630630630094e+03 2.275132182129319458e+11
2.933639639639639427e+03 2.287431840800178223e+11
2.943648648648648759e+03 2.299581916663101807e+11
2.953657657657657637e+03 2.311582008363004150e+11
2.963666666666666060e+03 2.323431756982689209e+11
2.973675675675675393e+03 2.335130845243935547e+11
2.983684684684684726e+03 2.346678996709991455e+11
2.993693693693693604e+03 2.358075974989876709e+11
3.003702702702702936e+03 2.369321582945051575e+11
3.013711711711711359e+03 2.380415661898815918e+11
3.023720720720720692e+03 2.391358090848956909e+11
3.033729729729729570e+03 2.402148785683986816e+11
3.043738738738738903e+03 2.412787698403377991e+11
3.053747747747747326e+03 2.423274816342205811e+11
3.063756756756756658e+03 2.433610161400497131e+11
3.073765765765765536e+03 2.443793789277648315e+11
3.083774774774774869e+03 2.453825788712211609e+11
3.093783783783783747e+03 2.463706280727360840e+11
3.103792792792792170e+03 2.473435417882326050e+11
3.113801801801801503e+03 2.483013383530041504e+11
3.123810810810810835e+03 2.492440391081266479e+11
3.133819819819819713e+03 2.501716683275397644e+11
3.143828828828829046e+03 2.510842531458251953e+11
3.153837837837837469e+03 2.519818234866941833e+11
3.163846846846846802e+03 2.528644119922084351e+11
3.173855855855855680e+03 2.537320539527507324e+11
3.183864864864865012e+03 2.545847872377650452e+11
3.193873873873873436e+03 2.554226522272749634e+11
3.203882882882882768e+03 2.562456917442000732e+11
3.213891891891891646e+03 2.570539509874809875e+11
3.223900900900900979e+03 2.578474774660239563e+11
3.233909909909909857e+03 2.586263209334804688e+11
3.243918918918918735e+03 2.593905333238625488e+11
3.253927927927927612e+03 2.601401686880122375e+11
3.263936936936936945e+03 2.608752831309253845e+11
3.273945945945945823e+03 2.615959347499421082e+11
3.283954954954955156e+03 2.623021835738053894e+11
3.293963963963963579e+03 2.629940915025949402e+11
3.303972972972972912e+03 2.636717222485404663e+11
3.313981981981981789e+03 2.643351412777179871e+11
3.323990990990991122e+03 2.649844157526300049e+11
3.333999999999999545e+03 2.656196144756741333e+11
3.344009009009008878e+03 2.662408078334985046e+11
3.354018018018017756e+03 2.668480677422471313e+11
3.364027027027027088e+03 2.674414675936946716e+11
3.374036036036035966e+03 2.680210822022659302e+11
3.384045045045044844e+03 2.685869877529455261e+11
3.394054054054053722e+03 2.691392617500715637e+11
3.404063063063063055e+03 2.696779829670105286e+11
3.414072072072071933e+03 2.702032313967142944e+11
3.424081081081081265e+03 2.707150882031495361e+11
3.434090090090089689e+03 2.712136356736040649e+11
3.444099099099099021e+03 2.716989571718598633e+11
3.454108108108107899e+03 2.721711370922290955e+11
3.464117117117117232e+03 2.726302608144482117e+11
3.474126126126125655e+03 2.730764146594288635e+11
3.484135135135134988e+03 2.735096858458521118e+11
3.494144144144143866e+03 2.739301624476081848e+11
3.504153153153153198e+03 2.743379333520682678e+11
3.514162162162162076e+03 2.747330882191867371e+11
3.524171171171170954e+03 2.751157174414240112e+11
3.534180180180179832e+03 2.754859121044872437e+11
3.544189189189189165e+03 2.758437639488728638e+11
3.554198198198198043e+03 2.761893653322128906e+11
3.564207207207207375e+03 2.765228091924106445e+11
3.574216216216215798e+03 2.768441890115631104e+11
3.584225225225225131e+03 2.771535987806551514e+11
3.594234234234234009e+03 2.774511329650244751e+11
3.604243243243243342e+03 2.777368864705819702e+11
3.614252252252251765e+03 2.780109546107854614e+11
3.624261261261261097e+03 2.782734330743542480e+11
3.634270270270269975e+03 2.785244178937131348e+11
3.644279279279279308e+03 2.787640054141635132e+11
3.654288288288288186e+03 2.789922922637680664e+11
3.664297297297297064e+03 2.792093753239401855e+11
3.674306306306305942e+03 2.794153517007303467e+11
3.684315315315315274e+03 2.796103186967988281e+11
3.694324324324324152e+03 2.797943737840663452e+11
3.704333333333333485e+03 2.799676145770331421e+11
3.714342342342341908e+03 2.801301388067573853e+11
3.724351351351351241e+03 2.802820442954813843e+11
3.734360360360360119e+03 2.804234289318999634e+11
3.744369369369369451e+03 2.805543906470582886e+11
3.754378378378377874e+03 2.806750273908714600e+11
3.764387387387387207e+03 2.807854371092550049e+11
3.774396396396396085e+03 2.808857177218581543e+11
3.784405405405405418e+03 2.809759671003900146e+11
3.794414414414414296e+03 2.810562830475310669e+11
3.804423423423423174e+03 2.811267632764139404e+11
3.814432432432432051e+03 2.811875053906739502e+11
3.824441441441441384e+03 2.812386068650537109e+11
3.834450450450450262e+03 2.812801650265526733e+11
3.844459459459459595e+03 2.813122770361142578e+11
3.854468468468468018e+03 2.813350398708413696e+11
3.864477477477477350e+03 2.813485503067313232e+11
3.874486486486486228e+03 2.813529049019177246e+11
3.884495495495495561e+03 2.813481999804174194e+11
3.894504504504503984e+03 2.813345316163639526e+11
3.904513513513513317e+03 2.813119956187282715e+11
3.914522522522522195e+03 2.812806875165114136e+11
3.924531531531531527e+03 2.812407025444035645e+11
3.934540540540540405e+03 2.811921356288989258e+11
3.944549549549549283e+03 2.811350813748593750e+11
3.954558558558558161e+03 2.810696340525175171e+11
3.964567567567567494e+03 2.809958875849122314e+11
3.974576576576576372e+03 2.809139355357451172e+11
3.984585585585585250e+03 2.808238710976532593e+11
3.994594594594594128e+03 2.807257870808872070e+11
4.004603603603603460e+03 2.806197759023914795e+11
4.014612612612612338e+03 2.805059295752678833e+11
4.024621621621621671e+03 2.803843396986304321e+11
4.034630630630630094e+03 2.802550974478286133e+11
4.044639639639639427e+03 2.801182935650418091e+11
4.054648648648648305e+03 2.799740183502304077e+11
4.064657657657657637e+03 2.798223616524410400e+11
4.074666666666666515e+03 2.796634128614569092e+11
4.084675675675675393e+03 2.794972608997825928e+11
4.094684684684684271e+03 2.793239942149633789e+11
4.104693693693693604e+03 2.791437007722231445e+11
4.114702702702702481e+03 2.789564680474217529e+11
4.124711711711711359e+03 2.787623830203204956e+11
4.134720720720720237e+03 2.785615321681488037e+11
4.144729729729729115e+03 2.783540014594685669e+11
4.154738738738738903e+03 2.781398763483249512e+11
4.164747747747747781e+03 2.779192417686817627e+11
4.174756756756756658e+03 2.776921821291328125e+11
4.184765765765765536e+03 2.774587813078804932e+11
4.194774774774774414e+03 2.772191226479802246e+11
4.204783783783783292e+03 2.769732889528410645e+11
4.214792792792793080e+03 2.767213624819793091e+11
4.224801801801801048e+03 2.764634249470137329e+11
4.234810810810810835e+03 2.761995575079031982e+11
4.244819819819819713e+03 2.759298407694178467e+11
4.254828828828828591e+03 2.756543547778368530e+11
4.264837837837837469e+03 2.753731790178690796e+11
4.274846846846846347e+03 2.750863924097915039e+11
4.284855855855855225e+03 2.747940733067983704e+11
4.294864864864865012e+03 2.744962994925553284e+11
4.304873873873873890e+03 2.741931481789585876e+11
4.314882882882882768e+03 2.738846960040859680e+11
4.324891891891891646e+03 2.735710190303393555e+11
4.334900900900900524e+03 2.732521927427755127e+11
4.344909909909909402e+03 2.729282920476166992e+11
4.354918918918919189e+03 2.725993912709364014e+11
4.364927927927927158e+03 2.722655641575177612e+11
4.374936936936936945e+03 2.719268838698802185e+11
4.384945945945945823e+03 2.715834229874668274e+11
4.394954954954954701e+03 2.712352535059903870e+11
4.404963963963963579e+03 2.708824468369341431e+11
4.414972972972972457e+03 2.705250738072008972e+11
4.424981981981981335e+03 2.701632046589077148e+11
4.434990990990991122e+03 2.697969090493233337e+11
4.445000000000000000e+03 2.694262560509407654e+11
4.455009009009008878e+03 2.690513141516834106e+11
4.465018018018017756e+03 2.686721512552432556e+11
4.475027027027026634e+03 2.682888346815418701e+11
4.485036036036035512e+03 2.679014311673136292e+11
4.495045045045045299e+03 2.675100068668083801e+11
4.505054054054053267e+03 2.671146273526094666e+11
4.515063063063063055e+03 2.667153576165605469e+11
4.525072072072071933e+03 2.663122620708023682e+11
4.535081081081080811e+03 2.659054045489131470e+11
4.545090090090089689e+03 2.654948483071499023e+11
4.555099099099098567e+03 2.650806560257894287e+11
4.565108108108107444e+03 2.646628898105616150e+11
4.575117117117117232e+03 2.642416111941761780e+11
4.585126126126126110e+03 2.638168811379378052e+11
4.595135135135134988e+03 2.633887600334472961e+11
4.605144144144143866e+03 2.629573077043849792e+11
4.615153153153152743e+03 2.625225834083742065e+11
4.625162162162161621e+03 2.620846458389234314e+11
4.635171171171171409e+03 2.616435531274415283e+11
4.645180180180179377e+03 2.611993628453254089e+11
4.655189189189189165e+03 2.607521320061165771e+11
4.665198198198198043e+03 2.603019170677268677e+11
4.675207207207206920e+03 2.598487739347242432e+11
4.685216216216215798e+03 2.593927579606851807e+11
4.695225225225224676e+03 2.589339239506036682e+11
4.705234234234233554e+03 2.584723261633584900e+11
4.715243243243243342e+03 2.580080183142346802e+11
4.725252252252252219e+03 2.575410535774999084e+11
4.735261261261261097e+03 2.570714845890291138e+11
4.745270270270269975e+03 2.565993634489784241e+11
4.755279279279278853e+03 2.561247417245074158e+11
4.765288288288287731e+03 2.556476704525425110e+11
4.775297297297297519e+03 2.551682001425863342e+11
4.785306306306306396e+03 2.546863807795648499e+11
4.795315315315315274e+03 2.542022618267157593e+11
4.805324324324323243e+03 2.537158922285118103e+11
4.815333333333333030e+03 2.532273204136205139e+11
4.825342342342341908e+03 2.527365942978964539e+11
4.835351351351350786e+03 2.522437612874068909e+11
4.845360360360359664e+03 2.517488682814853516e+11
4.855369369369369451e+03 2.512519616758155518e+11
4.865378378378378329e+03 2.507530873655410156e+11
4.875387387387387207e+03 2.502522907484004517e+11
4.885396396396396085e+03 2.497496167278879089e+11
4.895405405405404963e+03 2.492451097164345093e+11
4.905414414414413841e+03 2.487388136386107178e+11
4.915423423423422719e+03 2.482307719343499451e+11
4.925432432432431597e+03 2.477210275621889954e+11
4.935441441441441384e+03 2.472096230025264587e+11
4.945450450450450262e+03 2.466966002608959351e+11
4.955459459459459140e+03 2.461820008712554626e+11
4.965468468468468018e+03 2.456658658992882080e+11
4.975477477477477805e+03 2.451482359457168274e+11
4.985486486486486683e+03 2.446291511496289368e+11
4.995495495495494652e+03 2.441086511918100586e+11
5.005504504504503529e+03 2.435867752980888062e+11
5.015513513513513317e+03 2.430635622426886292e+11
5.025522522522522195e+03 2.425390503515848389e+11
5.035531531531531073e+03 2.420132775058690491e+11
5.045540540540539951e+03 2.414862811451179810e+11
5.055549549549549738e+03 2.409580982707661743e+11
5.065558558558558616e+03 2.404287654494822083e+11
5.075567567567567494e+03 2.398983188165450439e+11
5.085576576576575462e+03 2.393667940792244568e+11
5.095585585585585250e+03 2.388342265201593628e+11
5.105594594594594128e+03 2.383006510007380066e+11
5.115603603603603005e+03 2.377661019644750061e+11
5.125612612612611883e+03 2.372306134403871460e+11
5.135621621621621671e+03 2.366942190463671875e+11
5.145630630630630549e+03 2.361569519925532227e+11
5.155639639639639427e+03 2.356188450846954346e+11
5.165648648648648305e+03 2.350799307275157166e+11
5.175657657657657182e+03 2.345402409280650940e+11
5.185666666666666060e+03 2.339998072990716858e+11
5.195675675675674938e+03 2.334586610622851868e+11
5.205684684684683816e+03 2.329168330518121643e+11
5.215693693693693604e+03 2.323743537174443359e+11
5.225702702702702481e+03 2.318312531279782104e+11
5.235711711711711359e+03 2.312875609745264282e+11
5.245720720720720237e+03 2.307433065738193665e+11
5.255729729729730025e+03 2.301985188714965210e+11
5.265738738738737993e+03 2.296532264453886414e+11
5.275747747747746871e+03 2.291074575087876892e+11
5.285756756756755749e+03 2.285612399137070923e+11
5.295765765765765536e+03 2.280146011541292725e+11
5.305774774774774414e+03 2.274675683692417297e+11
5.315783783783783292e+03 2.269201683466590271e+11
5.325792792792792170e+03 2.263724275256357422e+11
5.335801801801801957e+03 2.258243720002618408e+11
5.345810810810810835e+03 2.252760275226468506e+11
5.355819819819819713e+03 2.247274195060900574e+11
5.365828828828827682e+03 2.241785730282361450e+11
5.375837837837837469e+03 2.236295128342159729e+11
5.385846846846846347e+03 2.230802633397731323e+11
5.395855855855855225e+03 2.225308486343755188e+11
5.405864864864864103e+03 2.219812924843103333e+11
5.415873873873873890e+03 2.214316183357647400e+11
5.425882882882882768e+03 2.208818493178902588e+11
5.435891891891891646e+03 2.203320082458504944e+11
5.445900900900900524e+03 2.197821176238532715e+11
5.455909909909909402e+03 2.192321996481660767e+11
5.465918918918918280e+03 2.186822762101131897e+11
5.475927927927927158e+03 2.181323688990594177e+11
5.485936936936936036e+03 2.175824990053717957e+11
5.495945945945945823e+03 2.170326875233684387e+11
5.505954954954954701e+03 2.164829551542472229e+11
5.515963963963963579e+03 2.159333223089974365e+11
5.525972972972972457e+03 2.153838091112941284e+11
5.535981981981982244e+03 2.148344354003738708e+11
5.545990990990990213e+03 2.142852207338925171e+11
5.555999999999999091e+03 2.137361843907655640e+11
5.566009009009007968e+03 2.131873453739884949e+11
5.576018018018017756e+03 2.126387224134406433e+11
5.586027027027026634e+03 2.120903339686696472e+11
5.596036036036035512e+03 2.115421982316565247e+11
5.606045045045044390e+03 2.109943331295629883e+11
5.616054054054054177e+03 2.104467563274607239e+11
5.626063063063063055e+03 2.098994852310394592e+11
5.636072072072071933e+03 2.093525369892983093e+11
5.646081081081079901e+03 2.088059284972180481e+11
5.656090090090089689e+03 2.082596763984112549e+11
5.666099099099098567e+03 2.077137970877591553e+11
5.676108108108107444e+03 2.071683067140233154e+11
5.686117117117116322e+03 2.066232211824420776e+11
5.696126126126126110e+03 2.060785561573064880e+11
5.706135135135134988e+03 2.055343270645169067e+11
5.716144144144143866e+03 2.049905490941207581e+11
5.726153153153153653e+03 2.044472372028317566e+11
5.736162162162161621e+03 2.039044061165276489e+11
5.746171171171170499e+03 2.033620703327313538e+11
5.756180180180179377e+03 2.028202441230712891e+11
5.766189189189188255e+03 2.022789415357226868e+11
5.776198198198198043e+03 2.017381763978308105e+11
5.786207207207206920e+03 2.011979623179126892e+11
5.796216216216215798e+03 2.006583126882420654e+11
5.806225225225224676e+03 2.001192406872139587e+11
5.816234234234234464e+03 1.995807592816899414e+11
5.826243243243242432e+03 1.990428812293257141e+11
5.836252252252251310e+03 1.985056190808766785e+11
5.846261261261260188e+03 1.979689851824881592e+11
5.856270270270269975e+03 1.974329916779646301e+11
5.866279279279278853e+03 1.968976505110194092e+11
5.876288288288287731e+03 1.963629734275070496e+11
5.886297297297296609e+03 1.958289719776354065e+11
5.896306306306306396e+03 1.952956575181604919e+11
5.906315315315315274e+03 1.947630412145617371e+11
5.916324324324324152e+03 1.942311340431969604e+11
5.926333333333332121e+03 1.936999467934430542e+11
5.936342342342341908e+03 1.931694900698129578e+11
5.946351351351350786e+03 1.926397742940579224e+11
5.956360360360359664e+03 1.921108097072499390e+11
5.966369369369368542e+03 1.915826063718454590e+11
5.976378378378378329e+03 1.910551741737315674e+11
5.986387387387387207e+03 1.905285228242543030e+11
5.996396396396396085e+03 1.900026618622268066e+11
6.006405405405405872e+03 1.894776006559228516e+11
6.016414414414413841e+03 1.889533484050484619e+11
6.026423423423422719e+03 1.884299141426991577e+11
6.036432432432431597e+03 1.879073067372975464e+11
6.046441441441440475e+03 1.873855348945129395e+11
6.056450450450450262e+03 1.868646071591646118e+11
6.066459459459459140e+03 1.863445319171072083e+11
6.076468468468468018e+03 1.858253173970973816e+11
6.086477477477477805e+03 1.853069716726449890e+11
6.096486486486486683e+03 1.847895026638457031e+11
6.106495495495494652e+03 1.842729181391977234e+11
6.116504504504503529e+03 1.837572257173992615e+11
6.126513513513512407e+03 1.832424328691314392e+11
6.136522522522522195e+03 1.827285469188234558e+11
6.146531531531531073e+03 1.822155750464000854e+11
6.156540540540539951e+03 1.817035242890137329e+11
6.166549549549548829e+03 1.811924015427594910e+11
6.176558558558558616e+03 1.806822135643731079e+11
6.186567567567567494e+03 1.801729669729140930e+11
6.196576576576576372e+03 1.796646682514310303e+11
6.206585585585584340e+03 1.791573237486110535e+11
6.216594594594594128e+03 1.786509396804143066e+11
6.226603603603603005e+03 1.781455221316911621e+11
6.236612612612611883e+03 1.776410770577839355e+11
6.246621621621620761e+03 1.771376102861141663e+11
6.256630630630630549e+03 1.766351275177511292e+11
6.266639639639639427e+03 1.761336343289688721e+11
6.276648648648648305e+03 1.756331361727843323e+11
6.286657657657658092e+03 1.751336383804824524e+11
6.296666666666666060e+03 1.746351461631247864e+11
6.306675675675674938e+03 1.741376646130433350e+11
6.316684684684683816e+03 1.736411987053197327e+11
6.326693693693692694e+03 1.731457532992494812e+11
6.336702702702702481e+03 1.726513331397904053e+11
6.346711711711711359e+03 1.721579428589983826e+11
6.356720720720720237e+03 1.716655869774465027e+11
6.366729729729730025e+03 1.711742699056308594e+11
6.376738738738738903e+03 1.706839959453622742e+11
6.386747747747746871e+03 1.701947692911426392e+11
6.396756756756755749e+03 1.697065940315281982e+11
6.406765765765764627e+03 1.692194741504783630e+11
6.416774774774774414e+03 1.687334135286905823e+11
6.426783783783783292e+03 1.682484159449215698e+11
6.436792792792792170e+03 1.677644850772947388e+11
6.446801801801801957e+03 1.672816245045942993e+11
6.456810810810810835e+03 1.667998377075451660e+11
6.466819819819819713e+03 1.663191280700808105e+11
6.476828828828827682e+03 1.658394988805960693e+11
6.486837837837836560e+03 1.653609533331885071e+11
6.496846846846846347e+03 1.648834945288858948e+11
6.506855855855855225e+03 1.644071254768606873e+11
6.516864864864864103e+03 1.639318490956318054e+11
6.526873873873872981e+03 1.634576682142539062e+11
6.536882882882882768e+03 1.629845855734940491e+11
6.546891891891891646e+03 1.625126038269950867e+11
6.556900900900900524e+03 1.620417255424278564e+11
6.566909909909910311e+03 1.615719532026298218e+11
6.576918918918918280e+03 1.611032892067328796e+11
6.586927927927927158e+03 1.606357358712779236e+11
6.596936936936936036e+03 1.601692954313173828e+11
6.606945945945944914e+03 1.597039700415075378e+11
6.616954954954954701e+03 1.592397617771868896e+11
6.626963963963963579e+03 1.587766726354435425e+11
6.636972972972972457e+03 1.583147045361726379e+11
6.646981981981982244e+03 1.578538593231194458e+11
6.656990990990991122e+03 1.573941387649136658e+11
6.666999999999999091e+03 1.569355445560911560e+11
6.677009009009007968e+03 1.564780783181040344e+11
6.687018018018016846e+03 1.560217416003216553e+11
6.697027027027026634e+03 1.555665358810179443e+11
6.707036036036035512e+03 1.551124625683506775e+11
6.717045045045044390e+03 1.546595230013278503e+11
6.727054054054054177e+03 1.542077184507638245e+11
6.737063063063063055e+03 1.537570501202261658e+11
6.747072072072071933e+03 1.533075191469701538e+11
6.757081081081079901e+03 1.528591266028643188e+11
6.767090090090088779e+03 1.524118734953049011e+11
6.777099099099098567e+03 1.519657607681203918e+11
6.787108108108107444e+03 1.515207893024661255e+11
6.797117117117116322e+03 1.510769599177089539e+11
6.807126126126126110e+03 1.506342733723009338e+11
6.817135135135134988e+03 1.501927303646453552e+11
6.827144144144143866e+03 1.497523315339500122e+11
6.837153153153152743e+03 1.493130774610745850e+11
6.847162162162162531e+03 1.488749686693647461e+11
6.857171171171170499e+03 1.484380056254795227e+11
6.867180180180179377e+03 1.480021887402079468e+11
6.877189189189188255e+03 1.475675183692773743e+11
6.887198198198197133e+03 1.471339948141507874e+11
6.897207207207206920e+03 1.467016183228179932e+11
6.907216216216215798e+03 1.462703890905747681e+11
6.917225225225224676e+03 1.458403072607950745e+11
6.927234234234234464e+03 1.454113729256938782e+11
6.937243243243243342e+03 1.449835861270805969e+11
6.947252252252251310e+03 1.445569468571052551e+11
6.957261261261260188e+03 1.441314550589943542e+11
6.967270270270269066e+03 1.437071106277802429e+11
6.977279279279278853e+03 1.432839134110202332e+11
6.987288288288287731e+03 1.428618632095081787e+11
6.997297297297296609e+03 1.424409597779784546e+11
7.007306306306306396e+03 1.420212028258005981e+11
7.017315315315315274e+03 1.416025920176664734e+11
7.027324324324324152e+03 1.411851269742695312e+11
7.037333333333332121e+03 1.407688072729761658e+11
7.047342342342340999e+03 1.403536324484886475e+11
7.057351351351350786e+03 1.399396019935013123e+11
7.067360360360359664e+03 1.395267153593478699e+11
7.077369369369368542e+03 1.391149719566424561e+11
7.087378378378378329e+03 1.387043711559119263e+11
7.097387387387387207e+03 1.382949122882212524e+11
7.107396396396396085e+03 1.378865946457919617e+11
7.117405405405404963e+03 1.374794174826122742e+11
7.127414414414414750e+03 1.370733800150412903e+11
7.137423423423422719e+03 1.366684814224045410e+11
7.147432432432431597e+03 1.362647208475836487e+11
7.157441441441440475e+03 1.358620973975990143e+11
7.167450450450450262e+03 1.354606101441843414e+11
7.177459459459459140e+03 1.350602581243558350e+11
7.187468468468468018e+03 1.346610403409732361e+11
7.197477477477476896e+03 1.342629557632954559e+11
7.207486486486486683e+03 1.338660033275285645e+11
7.217495495495495561e+03 1.334701819373678436e+11
7.227504504504503529e+03 1.330754904645321655e+11
7.237513513513512407e+03 1.326819277492942200e+11
7.247522522522521285e+03 1.322894926010014954e+11
7.257531531531531073e+03 1.318981837985936432e+11
7.267540540540539951e+03 1.315080000911116333e+11
7.277549549549548829e+03 1.311189401982015839e+11
7.287558558558558616e+03 1.307310028106125488e+11
7.297567567567567494e+03 1.303441865906880951e+11
7.307576576576576372e+03 1.299584901728516235e+11
7.317585585585584340e+03 1.295739121640863495e+11
7.327594594594593218e+03 1.291904511444086609e+11
7.337603603603603005e+03 1.288081056673369293e+11
7.347612612612611883e+03 1.284268742603529663e+11
7.357621621621620761e+03 1.280467554253589783e+11
7.367630630630630549e+03 1.276677476391288757e+11
7.377639639639639427e+03 1.272898493537531433e+11
7.387648648648648305e+03 1.269130589970793610e+11
7.397657657657657182e+03 1.265373749731462555e+11
7.407666666666666970e+03 1.261627956626134644e+11
7.417675675675674938e+03 1.257893194231846313e+11
7.427684684684683816e+03 1.254169445900267181e+11
7.437693693693692694e+03 1.250456694761829529e+11
7.447702702702702481e+03 1.246754923729814911e+11
7.457711711711711359e+03 1.243064115504378662e+11
7.467720720720720237e+03 1.239384252576538086e+11
7.477729729729729115e+03 1.235715317232104950e+11
7.487738738738738903e+03 1.232057291555560150e+11
7.497747747747747781e+03 1.228410157433891296e+11
7.507756756756755749e+03 1.224773896560383301e+11
7.517765765765764627e+03 1.221148490438344879e+11
7.527774774774774414e+03 1.217533920384812164e+11
7.537783783783783292e+03 1.213930167534181671e+11
7.547792792792792170e+03 1.210337212841813965e+11
7.557801801801801048e+03 1.206755037087586365e+11
7.567810810810810835e+03 1.203183620879395905e+11
7.577819819819819713e+03 1.199622944656628265e+11
7.587828828828828591e+03 1.196072988693569794e+11
7.597837837837836560e+03 1.192533733102786560e+11
7.607846846846845438e+03 1.189005157838455353e+11
7.617855855855855225e+03 1.185487242699652557e+11
7.627864864864864103e+03 1.181979967333600769e+11
7.637873873873872981e+03 1.178483311238875732e+11
7.647882882882882768e+03 1.174997253768567657e+11
7.657891891891891646e+03 1.171521774133407440e+11
7.667900900900900524e+03 1.168056851404845734e+11
7.677909909909909402e+03 1.164602464518101501e+11
7.687918918918919189e+03 1.161158592275161285e+11
7.697927927927927158e+03 1.157725213347743225e+11
7.707936936936936036e+03 1.154302306280227814e+11
7.717945945945944914e+03 1.150889849492540741e+11
7.727954954954954701e+03 1.147487821283005676e+11
7.737963963963963579e+03 1.144096199831159210e+11
7.747972972972972457e+03 1.140714963200520782e+11
7.757981981981981335e+03 1.137344089341339722e+11
7.767990990990991122e+03 1.133983556093292999e+11
7.778000000000000000e+03 1.130633341188156738e+11
7.788009009009007968e+03 1.127293422252438507e+11
7.798018018018016846e+03 1.123963776809973450e+11
7.808027027027026634e+03 1.120644382284489441e+11
7.818036036036035512e+03 1.117335216002138519e+11
7.828045045045044390e+03 1.114036255193986969e+11
7.838054054054053267e+03 1.110747476998485107e+11
7.848063063063063055e+03 1.107468858463892365e+11
7.858072072072071933e+03 1.104200376550675507e+11
7.868081081081080811e+03 1.100942008133875580e+11
7.878090090090088779e+03 1.097693730005438843e+11
7.888099099099098567e+03 1.094455518876519928e+11
7.898108108108107444e+03 1.091227351379753418e+11
7.908117117117116322e+03 1.088009204071491852e+11
7.918126126126125200e+03 1.084801053434018707e+11
7.928135135135134988e+03 1.081602875877726135e+11
7.938144144144143866e+03 1.078414647743266144e+11
7.948153153153152743e+03 1.075236345303672943e+11
7.958162162162161621e+03 1.072067944766449890e+11
7.968171171171169590e+03 1.068909422275640564e+11
7.978180180180179377e+03 1.065760753913857117e+11
7.988189189189188255e+03 1.062621915704291229e+11
7.998198198198197133e+03 1.059492883612694244e+11
8.008207207207206920e+03 1.056373633549325104e+11
8.018216216216215798e+03 1.053264141370879059e+11
8.028225225225224676e+03 1.050164382882387848e+11
8.038234234234233554e+03 1.047074333839085693e+11
8.048243243243243342e+03 1.043993969948262482e+11
8.058252252252252219e+03 1.040923266871079102e+11
8.068261261261260188e+03 1.037862200224364014e+11
8.078270270270269066e+03 1.034810745582384186e+11
8.088279279279278853e+03 1.031768878478587189e+11
8.098288288288287731e+03 1.028736574407323456e+11
8.108297297297296609e+03 1.025713808825543976e+11
8.118306306306305487e+03 1.022700557154465485e+11
8.128315315315315274e+03 1.019696794781227264e+11
8.138324324324324152e+03 1.016702497060510254e+11
8.148333333333333030e+03 1.013717639316141510e+11
8.158342342342340999e+03 1.010742196842670288e+11
8.168351351351350786e+03 1.007776144906925354e+11
8.178360360360359664e+03 1.004819458749551544e+11
8.188369369369368542e+03 1.001872113586517181e+11
8.198378378378378329e+03 9.989340846106056213e+10
8.208387387387387207e+03 9.960053469928846741e+10
8.218396396396396085e+03 9.930858758841510010e+10
8.228405405405404963e+03 9.901756464163584900e+10
8.238414414414413841e+03 9.872746337040216064e+10
8.248423423423422719e+03 9.843828128456019592e+10
8.258432432432431597e+03 9.815001589248699951e+10
8.268441441441440475e+03 9.786266470122496033e+10
8.278450450450449353e+03 9.757622521661442566e+10
8.288459459459458230e+03 9.729069494342419434e+10
8.298468468468467108e+03 9.700607138547959900e+10
8.308477477477477805e+03 9.672235204578967285e+10
8.318486486486486683e+03 9.643953442667149353e+10
8.328495495495495561e+03 9.615761602987330627e+10
8.338504504504504439e+03 9.587659435669551086e+10
8.348513513513513317e+03 9.559646690810951233e+10
8.358522522522522195e+03 9.531723118487564087e+10
8.368531531531531073e+03 9.503888468765840149e+10
8.378540540540539951e+03 9.476142491714041138e+10
8.388549549549548829e+03 9.448484937413468933e+10
8.398558558558557706e+03 9.420915555969480896e+10
8.408567567567566584e+03 9.393434097522372437e+10
8.418576576576575462e+03 9.366040312258090210e+10
8.428585585585586159e+03 9.338733950418751526e+10
8.438594594594593218e+03 9.311514762313043213e+10
8.448603603603602096e+03 9.284382498326406860e+10
8.458612612612610974e+03 9.257336908931121826e+10
8.468621621621621671e+03 9.230377744696182251e+10
8.478630630630630549e+03 9.203504756297038269e+10
8.488639639639639427e+03 9.176717694525212097e+10
8.498648648648648305e+03 9.150016310297700500e+10
8.508657657657657182e+03 9.123400354666267395e+10
8.518666666666666060e+03 9.096869578826597595e+10
8.528675675675674938e+03 9.070423734127278137e+10
8.538684684684683816e+03 9.044062572078643799e+10
8.548693693693692694e+03 9.017785844361491394e+10
8.558702702702701572e+03 8.991593302835636902e+10
8.568711711711710450e+03 8.965484699548342896e+10
8.578720720720719328e+03 8.939459786742605591e+10
8.588729729729730025e+03 8.913518316865298462e+10
8.598738738738738903e+03 8.887660042575199890e+10
8.608747747747747781e+03 8.861884716750894165e+10
8.618756756756756658e+03 8.836192092498480225e+10
8.628765765765765536e+03 8.810581923159252930e+10
8.638774774774774414e+03 8.785053962317144775e+10
8.648783783783783292e+03 8.759607963806156921e+10
8.658792792792792170e+03 8.734243681717561340e+10
8.668801801801801048e+03 8.708960870407044983e+10
8.678810810810809926e+03 8.683759284501699829e+10
8.688819819819818804e+03 8.658638678906936646e+10
8.698828828828827682e+03 8.633598808813212585e+10
8.708837837837838379e+03 8.608639429702719116e+10
8.718846846846845438e+03 8.583760297355873108e+10
8.728855855855854315e+03 8.558961167857772827e+10
8.738864864864863193e+03 8.534241797604483032e+10
8.748873873873873890e+03 8.509601943309257507e+10
8.758882882882882768e+03 8.485041362008587646e+10
8.768891891891891646e+03 8.460559811068220520e+10
8.778900900900900524e+03 8.436157048188993835e+10
8.788909909909909402e+03 8.411832831412637329e+10
8.798918918918918280e+03 8.387586919127401733e+10
8.808927927927927158e+03 8.363419070073664856e+10
8.818936936936936036e+03 8.339329043349310303e+10
8.828945945945944914e+03 8.315316598415184021e+10
8.838954954954953791e+03 8.291381495100277710e+10
8.848963963963962669e+03 8.267523493606913757e+10
8.858972972972971547e+03 8.243742354515827942e+10
8.868981981981982244e+03 8.220037838791111755e+10
8.878990990990991122e+03 8.196409707785093689e+10
8.889000000000000000e+03 8.172857723243136597e+10
8.899009009009008878e+03 8.149381647308316040e+10
8.909018018018017756e+03 8.125981242526025391e+10
8.919027027027026634e+03 8.102656271848484802e+10
8.929036036036035512e+03 8.079406498639166260e+10
8.939045045045044390e+03 8.056231686677128601e+10
8.949054054054053267e+03 8.033131600161265564e+10
8.959063063063062145e+03 8.010106003714489746e+10
8.969072072072071023e+03 7.987154662387789917e+10
8.979081081081079901e+03 7.964277341664239502e+10
8.989090090090090598e+03 7.941473807462921143e+10
8.999099099099097657e+03 7.918743826142770386e+10
9.009108108108106535e+03 7.896087164506295776e+10
9.019117117117115413e+03 7.873503589803329468e+10
9.029126126126126110e+03 7.850992869734559631e+10
9.039135135135134988e+03 7.828554772455093384e+10
9.049144144144143866e+03 7.806189066577909851e+10
9.059153153153152743e+03 7.783895521177218628e+10
9.069162162162161621e+03 7.761673905791789246e+10
9.079171171171170499e+03 7.739523990428153992e+10
9.089180180180179377e+03 7.717445545563796997e+10
9.099189189189188255e+03 7.695438342150212097e+10
9.109198198198197133e+03 7.673502151615962219e+10
9.119207207207206011e+03 7.651636745869598389e+10
9.129216216216214889e+03 7.629841897302568054e+10
9.139225225225223767e+03 7.608117378792002869e+10
9.149234234234234464e+03 7.586462963703506470e+10
9.159243243243243342e+03 7.564878425893812561e+10
9.169252252252252219e+03 7.543363539713421631e+10
9.179261261261259278e+03 7.521918080009167480e+10
9.189270270270269975e+03 7.500541822126679993e+10
9.199279279279278853e+03 7.479234541912870789e+10
9.209288288288287731e+03 7.457996015718266296e+10
9.219297297297296609e+03 7.436826020399340820e+10
9.229306306306305487e+03 7.415724333320779419e+10
9.239315315315314365e+03 7.394690732357641602e+10
9.249324324324323243e+03 7.373724995897554016e+10
9.259333333333332121e+03 7.352826902842747498e+10
9.269342342342342818e+03 7.331996232612107849e+10
9.279351351351349876e+03 7.311232765143141174e+10
9.289360360360358754e+03 7.290536280893882751e+10
9.299369369369367632e+03 7.269906560844779968e+10
9.309378378378378329e+03 7.249343386500491333e+10
9.319387387387387207e+03 7.228846539891648865e+10
9.329396396396396085e+03 7.208415803576567078e+10
9.339405405405404963e+03 7.188050960642881775e+10
9.349414414414413841e+03 7.167751794709187317e+10
9.359423423423422719e+03 7.147518089926570129e+10
9.369432432432431597e+03 7.127349630980123901e+10
9.379441441441440475e+03 7.107246203090411377e+10
9.389450450450449353e+03 7.087207592014878845e+10
9.399459459459458230e+03 7.067233584049209595e+10
9.409468468468467108e+03 7.047323966028665161e+10
9.419477477477475986e+03 7.027478525329331970e+10
9.429486486486486683e+03 7.007697049869404602e+10
9.439495495495495561e+03 6.987979328110289001e+10
9.449504504504504439e+03 6.968325149057818604e+10
9.459513513513511498e+03 6.948734302263322449e+10
9.469522522522522195e+03 6.929206577824682617e+10
9.479531531531531073e+03 6.909741766387344360e+10
9.489540540540539951e+03 6.890339659145321655e+10
9.499549549549548829e+03 6.871000047842085266e+10
9.509558558558557706e+03 6.851722724771488190e+10
9.519567567567566584e+03 6.832507482778616333e+10
9.529576576576575462e+03 6.813354115260597229e+10
9.539585585585584340e+03 6.794262416167376709e+10
9.549594594594595037e+03 6.775232180002460480e+10
9.559603603603602096e+03 6.756263201823624420e+10
9.569612612612612793e+03 6.737355277243572998e+10
9.579621621621619852e+03 6.718508202430570221e+10
9.589630630630630549e+03 6.699721774109030151e+10
9.599639639639639427e+03 6.680995789560093689e+10
9.609648648648646486e+03 6.662330046622121429e+10
9.619657657657657182e+03 6.643724343691220093e+10
9.629666666666666060e+03 6.625178479721684265e+10
9.639675675675674938e+03 6.606692254226406860e+10
9.649684684684683816e+03 6.588265467277303314e+10
9.659693693693694513e+03 6.569897919505631256e+10
9.669702702702701572e+03 6.551589412102365112e+10
9.679711711711712269e+03 6.533339746818445587e+10
9.689720720720719328e+03 6.515148725965088654e+10
9.699729729729728206e+03 6.497016152413992310e+10
9.709738738738738903e+03 6.478941829597544861e+10
9.719747747747745962e+03 6.460925561509041595e+10
9.729756756756756658e+03 6.442967152702770996e+10
9.739765765765763717e+03 6.425066408294187164e+10
9.749774774774774414e+03 6.407223133959973145e+10
9.759783783783783292e+03 6.389437135938118744e+10
9.769792792792792170e+03 6.371708221027952576e+10
9.779801801801801048e+03 6.354036196590164185e+10
9.789810810810809926e+03 6.336420870546760559e+10
9.799819819819818804e+03 6.318862051381058502e+10
9.809828828828827682e+03 6.301359548137606812e+10
9.819837837837838379e+03 6.283913170422076416e+10
9.829846846846845438e+03 6.266522728401172638e+10
9.839855855855856134e+03 6.249188032802473450e+10
9.849864864864863193e+03 6.231908894914282227e+10
9.859873873873873890e+03 6.214685126585415649e+10
9.869882882882882768e+03 6.197516540225016022e+10
9.879891891891889827e+03 6.180402948802310181e+10
9.889900900900900524e+03 6.163344165846337891e+10
9.899909909909907583e+03 6.146340005445709991e+10
9.909918918918918280e+03 6.129390282248252869e+10
9.919927927927927158e+03 6.112494811460746002e+10
9.929936936936936036e+03 6.095653408848532867e+10
9.939945945945944914e+03 6.078865890735194397e+10
9.949954954954955610e+03 6.062132074002126312e+10
9.959963963963962669e+03 6.045451776088176727e+10
9.969972972972973366e+03 6.028824814989177704e+10
9.979981981981980425e+03 6.012251009257557678e+10
9.989990990990989303e+03 5.995730178001828003e+10
1.000000000000000000e+04 5.979262140886119843e+10
