0.000000000000000000e+00
7.163207127871599031e-136
2.112428260547305629e-61
9.019153565729044990e-37
1.411736912910784074e-24
2.492350364599564227e-17
1.516909339697156363e-12
3.658957281298282129e-09
1.181838764667127666e-06
1.004113697819308766e-04
3.362892078787048204e-03
5.740832785247029779e-02
5.927151617763227742e-01
4.165136704322058847e+00
2.167048389411055354e+01
8.877275022391134485e+01
2.997997272738633683e+02
8.644475411482168283e+02
2.186713266789015961e+03
4.957502794474095026e+03
1.024568045165352487e+04
1.956965416988151992e+04
3.493374717790508294e+04
5.881953918608860840e+04
9.412999812143402232e+04
1.440914749975629675e+05
2.121240322876983555e+05
3.016934831081967568e+05
4.161590077551897266e+05
5.586288046777902637e+05
7.318336211392183322e+05
9.380248684900484513e+05
1.178900896467767423e+06
1.455562242984735640e+06
1.768494486139102839e+06
2.117575765713686589e+06
2.502105081623173784e+06
2.920847031503693201e+06
3.372088609520056285e+06
3.853703941102168988e+06
4.363223271420211531e+06
4.897903073476059362e+06
5.454794728203104809e+06
6.030809805680003017e+06
6.622780511226899922e+06
7.227514333579147235e+06
7.841842335375572555e+06
8.462660856987737119e+06
9.086966666322743520e+06
9.711885785788422450e+06
1.033469637089188956e+07
1.095284611133578792e+07
1.156396468327418342e+07
1.216587180834114738e+07
1.275658147811968438e+07
1.333430288790792227e+07
1.389743859605467692e+07
1.444458038897328824e+07
1.497450329055989347e+07
1.548615811078830808e+07
1.597866288373653404e+07
1.645129350170637295e+07
1.690347381048432738e+07
1.733476539186552912e+07
1.774485722375155985e+07
1.813355537566009909e+07
1.850077286840753630e+07
1.884651980098544061e+07
1.917089382511188462e+07
1.947407102839817479e+07
1.975629727030783892e+07
2.001788000084621087e+07
2.025918057995617390e+07
2.048060710566360876e+07
2.068260775087031722e+07
2.086566460211678594e+07
2.103028798841826618e+07
2.117701128422925249e+07
2.130638616754217073e+07
2.141897831192004308e+07
2.151536348976815492e+07
2.159612406324228272e+07
2.166184583876962215e+07
2.171311526113070920e+07
2.175051692333794758e+07
2.177463136908372864e+07
2.178603316525785998e+07
2.178528922290805727e+07
2.177295734598983079e+07
2.174958498829971999e+07
2.171570820007096976e+07
2.167185074681821093e+07
2.161852338412562385e+07
2.155622327316768095e+07
2.148543352282161266e+07
2.140662284526793659e+07
2.132024531297213957e+07
2.122674020589375123e+07
2.112653193867361546e+07
2.102003005840700865e+07
