0.000000000000000000e+00
1.355213767861268782e-39
1.083154509697083817e-12
5.864050064905326331e-04
9.951607897054566720e+00
2.822411163878298339e+03
1.067050394025428686e+05
1.298722056640842464e+06
7.874051100721158087e+06
3.023292736294505373e+07
8.477255975242884457e+07
1.898837460326936245e+08
3.604710398678504825e+08
6.039392496517698765e+08
9.189244531225410700e+08
1.296394112269280434e+09
1.722037690977639914e+09
2.178932472460136414e+09
2.649841202480264664e+09
3.118869225929458618e+09
3.572461354107946873e+09
3.999848019099278927e+09
4.393092186429472923e+09
4.746881450767018318e+09
5.058181700366312027e+09
5.325836199494435310e+09
5.550164912270273209e+09
5.732596212686450958e+09
5.875346938410120964e+09
5.981156046738309860e+09
6.053070608644395828e+09
6.094279307261933327e+09
6.107986998974379539e+09
6.097323510228150368e+09
6.065280163913840294e+09
6.014668211301589966e+09
5.948094171235341072e+09
5.867947917714744568e+09
5.776400138840081215e+09
5.675406480510466576e+09
5.566716276184649467e+09
5.451884251448628426e+09
5.332283987894963264e+09
5.209122246651028633e+09
5.083453500187742233e+09
4.956194213576427460e+09
4.828136563689770699e+09
4.699961396057468414e+09
4.572250301814272881e+09
4.445496757685914040e+09
4.320116315322114944e+09
4.196455856551989555e+09
4.074801951511876583e+09
3.955388369579013348e+09
3.838402800584473133e+09
3.723992847366468906e+09
3.612271351504202843e+09
3.503321112904292583e+09
3.397199061443039894e+09
3.293939935578431129e+09
3.193559519086074352e+09
3.096057483096692562e+09
3.001419876598355770e+09
2.909621304636841774e+09
2.820626829684899807e+09
2.734393628106139183e+09
2.650872430340397358e+09
2.570008770398455143e+09
2.491744067474534988e+09
2.416016559960761070e+09
2.342762109865901470e+09
2.271914893587832928e+09
2.203407993147977352e+09
2.137173900350769281e+09
2.073144944864161015e+09
2.011253655912301302e+09
1.951433066112765789e+09
1.893616964963896036e+09
1.837740108578513861e+09
1.783738391456882238e+09
1.731548985381769180e+09
1.681110449892457724e+09
1.632362818242514610e+09
1.585247662259749174e+09
1.539708139098904610e+09
1.495689022500874281e+09
1.453136720841164112e+09
1.411999283959376574e+09
1.372226400505729198e+09
1.333769387316267252e+09
1.296581172131495476e+09
1.260616270800329208e+09
1.225830759959773779e+09
1.192182246048046827e+09
1.159629831392547846e+09
1.128134078012263536e+09
1.097656969685123920e+09
1.068161872752978325e+09
1.039613496068751931e+09
1.011977850430937529e+09
