1.231876704554998539e+37
6.144554798265807754e+37
2.350265733104164491e+38
7.286382729665670586e+38
1.912007378154156381e+39
4.395974059300691379e+39
9.094047536213104613e+39
1.727263057049840438e+40
3.058611228696589112e+40
5.109502697004022628e+40
8.126714997056118744e+40
1.239626730415892039e+41
1.824054699771842610e+41
2.601429728038625458e+41
3.609973928631775078e+41
4.890110090939331671e+41
6.483880730483659203e+41
8.434356034719221119e+41
1.078505008993546481e+42
1.357936121390418082e+42
1.686004870113177487e+42
2.066875499112443985e+42
2.504557930593950516e+42
3.002870623020325860e+42
3.565409054462272170e+42
4.195519786526785267e+42
4.896279925981003086e+42
5.670481697174162612e+42
6.520621764206622458e+42
7.448894893109522389e+42
8.457191516792351627e+42
9.547098755181129837e+42
1.071990444618395110e+43
1.197660375669419627e+43
1.331790796403203764e+43
1.474425502472309646e+43
1.625582157741212129e+43
1.785253605846999269e+43
1.953409264125399069e+43
2.129996574208444206e+43
2.314942486710086374e+43
2.508154960375009236e+43
2.709524458839233948e+43
2.918925430717256670e+43
3.136217761078263249e+43
3.361248184500176082e+43
3.593851651797798500e+43
3.833852644217548473e+43
4.081066430386542566e+43
4.335300262610977533e+43
4.596354510251441861e+43
4.864023728875725273e+43
5.138097664717222957e+43
5.418362194663707288e+43
5.704600202580773029e+43
5.996592393249590379e+43
6.294118045582400726e+43
6.596955707082246651e+43
6.904883831746602125e+43
7.217681363787183225e+43
7.535128269658646536e+43
7.857006020965280123e+43
8.183098030853241381e+43
8.513190046503536638e+43
8.847070500321947411e+43
9.184530822382140532e+43
9.525365716620943192e+43
9.869373403213638821e+43
1.021635582947565555e+44
1.056611885154744961e+44
1.091847238902410608e+44
1.127323055459217826e+44
1.163021176063500498e+44
1.198923880466577921e+44
1.235013893534577921e+44
1.271274390074457354e+44
1.307688998040044580e+44
1.344241800264298264e+44
1.380917334854669774e+44
1.417700594379463427e+44
1.454577023964457919e+44
1.491532518410791181e+44
1.528553418437257555e+44
1.565626506142646311e+44
1.602738999776698962e+44
1.639878547901527092e+44
1.677033223019016717e+44
1.714191514733788645e+44
1.751342322515697115e+44
1.788474948120588252e+44
1.825579087723150915e+44
1.862644823811082392e+44
1.899662616885528774e+44
1.936623297008763321e+44
1.973518055236355513e+44
2.010338434967630127e+44
2.047076323245036419e+44
2.083723942030057453e+44
2.120273839480564163e+44
2.156718881251977072e+44
2.193052241842256639e+44
2.229267395998575504e+44
2.265358110201563420e+44
2.301318434241148660e+44
2.337142692896369749e+44
2.372825477729984438e+44
2.408361639007256556e+44
2.443746277747072500e+44
2.478974737912277061e+44
2.514042598745121574e+44
2.548945667252655718e+44
2.583679970846071526e+44
2.618241750137127123e+44
2.652627451894112616e+44
2.686833722159082140e+44
2.720857399527539277e+44
2.754695508591164145e+44
2.788345253543730683e+44
2.821804011949887336e+44
2.855069328676125306e+44
2.888138909982841437e+44
2.921010617776201522e+44
2.953682464018112523e+44
2.986152605292482246e+44
3.018419337525650679e+44
3.050481090858766292e+44
3.082336424669650031e+44
3.113984022741626763e+44
3.145422688576640711e+44
3.176651340849892196e+44
3.207669009003165258e+44
3.238474828973933331e+44
3.269068039057307173e+44
3.299447975897826273e+44
3.329614070608106819e+44
3.359565845011291597e+44
3.389302908004324026e+44
3.418824952038975838e+44
3.448131749717661318e+44
3.477223150501019896e+44
3.506099077524312683e+44
3.534759524519703481e+44
3.563204552841504712e+44
3.591434288591536456e+44
3.619448919841770533e+44
3.647248693951479135e+44
3.674833914976166105e+44
3.702204941165583560e+44
3.729362182548209410e+44
3.756306098599609278e+44
3.783037195992154655e+44
3.809556026423611897e+44
3.835863184522211748e+44
3.861959305825820176e+44
3.887845064832899430e+44
3.913521173123031423e+44
3.938988377544796940e+44
3.964247458468865163e+44
3.989299228104225675e+44
4.014144528875530719e+44
4.038784231859567030e+44
4.063219235278947822e+44
4.087450463051146442e+44
4.111478863391070836e+44
4.135305407465404894e+44
4.158931088097006952e+44
4.182356918517709559e+44
4.205583931167879720e+44
4.228613176541220778e+44
4.251445722073249631e+44
4.274082651071995420e+44
4.296525061689502301e+44
4.318774065932709419e+44
4.340830788712426147e+44
4.362696366929042262e+44
4.384371948593746593e+44
4.405858691984030874e+44
4.427157764832274512e+44
4.448270343546298717e+44
4.469197612460741183e+44
4.489940763118227681e+44
4.510500993579239305e+44
4.530879507759746016e+44
4.551077514795563062e+44
4.571096228432533388e+44
4.590936866441619394e+44
4.610600650058007154e+44
4.630088803443398351e+44
4.649402553170643749e+44
4.668543127729935456e+44
4.687511757055795773e+44
4.706309672074094136e+44
4.724938104268409206e+44
4.743398285265017483e+44
4.761691446435837414e+44
4.779818818518704655e+44
4.797781631254316938e+44
4.815581113039279687e+44
4.833218490594649453e+44
4.850694988649404730e+44
4.868011829638316487e+44
4.885170233413679668e+44
4.902171416970413649e+44
4.919016594184004798e+44
4.935706975560874373e+44
4.952243768000641747e+44
4.968628174569928797e+44
4.984861394287188891e+44
5.000944621918218999e+44
5.016879047781911254e+44
5.032665857565903279e+44
5.048306232151701827e+44
5.063801347448989752e+44
5.079152374238707505e+44
5.094360478024619173e+44
5.109426818893023960e+44
5.124352551380309677e+44
5.139138824348051131e+44
5.153786780865342831e+44
5.168297558098140224e+44
5.182672287205261637e+44
5.196912093240894066e+44
5.211018095063236760e+44
5.224991405249147936e+44
5.238833130014495118e+44
5.252544369140006293e+44
5.266126215902414301e+44
5.279579757010673410e+44
5.292906072547038122e+44
5.306106235912857643e+44
5.319181313778816634e+44
5.332132366039532722e+44
5.344960445772278628e+44
5.357666599199664112e+44
5.370251865656161291e+44
5.382717277558247498e+44
5.395063860378088861e+44
5.407292632620564132e+44
5.419404605803517863e+44
5.431400784441099514e+44
5.443282166030066487e+44
5.455049741038905310e+44
5.466704492899687772e+44
5.478247398002501185e+44
5.489679425692390966e+44
5.501001538268650756e+44
5.512214690986408566e+44
5.523319832060379817e+44
5.534317902670710413e+44
5.545209836970773590e+44
5.555996562096903882e+44
5.566678998179915317e+44
5.577258058358353907e+44
5.587734648793398885e+44
5.598109668685332651e+44
5.608384010291512893e+44
5.618558558945770806e+44
5.628634193079158575e+44
5.638611784241996191e+44
5.648492197127140768e+44
5.658276289594438726e+44
5.667964912696256277e+44
5.677558910704089785e+44
5.687059121136165692e+44
5.696466374785972956e+44
5.705781495751700270e+44
5.715005301466532919e+44
5.724138602729711004e+44
5.733182203738383924e+44
5.742136902120147000e+44
5.751003488966261056e+44
5.759782748865504231e+44
5.768475459938602166e+44
5.777082393873220704e+44
5.785604315959492592e+44
5.794041985125995780e+44
5.802396153976214223e+44
5.810667568825410666e+44
5.818856969737884483e+44
5.826965090564593957e+44
5.834992658981125593e+44
5.842940396525948632e+44
5.850809018638968280e+44
5.858599234700330068e+44
5.866311748069460325e+44
5.873947256124312640e+44
5.881506450300813191e+44
5.888990016132452634e+44
5.896398633290060233e+44
5.903732975621684144e+44
5.910993711192572324e+44
5.918181502325282581e+44
5.925297005639832235e+44
5.932340872093932559e+44
5.939313747023254906e+44
5.946216270181730113e+44
5.953049075781865342e+44
5.959812792535066451e+44
5.966508043691939785e+44
5.973135447082580485e+44
5.979695615156818015e+44
5.986189155024425253e+44
5.992616668495259435e+44
5.998978752119353190e+44
6.005275997226889904e+44
6.011508989968153727e+44
6.017678311353325878e+44
6.023784537292204104e+44
6.029828238633817548e+44
6.035809981205901393e+44
6.041730325854251071e+44
6.047589828481960015e+44
6.053389040088483101e+44
6.059128506808589176e+44
6.064808769951127397e+44
6.070430366037669975e+44
6.075993826840948925e+44
6.081499679423162092e+44
6.086948446174086653e+44
6.092340644849014345e+44
6.097676788606502111e+44
6.102957386045957138e+44
6.108182941244987398e+44
6.113353953796617486e+44
6.118470918846242223e+44
6.123534327128440023e+44
6.128544665003531933e+44
6.133502414493967961e+44
6.138408053320496316e+44
6.143262054938111602e+44
6.148064888571792266e+44
6.152817019252041559e+44
6.157518907850175760e+44
6.162171011113434928e+44
6.166773781699829824e+44
6.171327668212803441e+44
6.175833115235639797e+44
6.180290563365684156e+44
6.184700449248280421e+44
6.189063205610548468e+44
6.193379261294883403e+44
6.197649041292244855e+44
6.201872966775229986e+44
6.206051455130885037e+44
6.210184919993323562e+44
6.214273771276081630e+44
6.218318415204270194e+44
6.222319254346473936e+44
6.226276687646433814e+44
6.230191110454499060e+44
6.234062914558839115e+44
6.237892488216424218e+44
6.241680216183795243e+44
6.245426479747581601e+44
6.249131656754798877e+44
6.252796121642912752e+44
6.256420245469680287e+44
6.260004395942763828e+44
6.263548937449108808e+44
6.267054231084094166e+44
6.270520634680468052e+44
6.273948502837048236e+44
6.277338186947195912e+44
6.280690035227073214e+44
6.284004392743674937e+44
6.287281601442624942e+44
6.290522000175772116e+44
6.293725924728543900e+44
6.296893707847106491e+44
6.300025679265267558e+44
6.303122165731205447e+44
6.306183491033942481e+44
6.309209976029630487e+44
6.312201938667606558e+44
6.315159694016232532e+44
6.318083554288540350e+44
6.320973828867639742e+44
6.323830824331943674e+44
6.326654844480157710e+44
6.329446190356083967e+44
6.332205160273198486e+44
6.334932049839043209e+44
6.337627151979396902e+44
6.340290756962249597e+44
6.342923152421574216e+44
6.345524623380907242e+44
6.348095452276709147e+44
6.350635918981541004e+44
6.353146300827050956e+44
6.355626872626740427e+44
6.358077906698570292e+44
6.360499672887340461e+44
6.362892438586899112e+44
6.365256468762160201e+44
6.367592025970915766e+44
6.369899370385481063e+44
6.372178759814139247e+44
6.374430449722420479e+44
6.376654693254152053e+44
6.378851741252395231e+44
6.381021842280130922e+44
