0.000000000000000000e+00
8.800580414576150841e-24
1.410308652277936236e-04
1.951449116326699595e+02
1.659585043914865237e+05
7.786584485481413081e+06
8.857489011949986219e+07
4.567238698780545592e+08
1.453144232661823273e+09
3.377388498845240593e+09
6.335589545163631439e+09
1.021094223276444626e+10
1.473078282567591476e+10
1.956136556609288406e+10
2.438433719024127579e+10
2.894073166042399216e+10
3.304670273095599365e+10
3.659093276714381409e+10
3.952283379175846863e+10
4.183781546388178253e+10
4.356317736836024475e+10
4.474624304423422241e+10
4.544518336716970062e+10
4.572237078101366425e+10
4.563985254329227448e+10
4.525647339216196442e+10
4.462621500660699463e+10
4.379739307895338440e+10
4.281243232605253601e+10
4.170801141243496704e+10
4.051542864736304474e+10
3.926108504939948273e+10
3.796701549938114929e+10
3.665142339171936798e+10
3.532919158371862793e+10
3.401235438213330078e+10
3.271052328380983353e+10
3.143126434845000839e+10
3.018042828076295090e+10
2.896243615917438126e+10
2.778052471385664368e+10
2.663695544099664688e+10
2.553319185935042572e+10
2.447004901653076172e+10
2.344781903454487991e+10
2.246637611112687683e+10
2.152526400618117142e+10
2.062376866598199081e+10
1.976097828578847504e+10
1.893583279134864426e+10
1.814716443400715256e+10
1.739373094265045929e+10
1.667424245673914719e+10
1.598738327555694008e+10
1.533182929651152039e+10
1.470626187677332497e+10
1.410937873473115349e+10
1.353990240792103386e+10
1.299658669971502304e+10
1.247822147592540359e+10
1.198363611260517120e+10
1.151170184601805496e+10
1.106133323353312683e+10
1.063148889881060600e+10
1.022117170501643944e+10
9.829428475016288757e+09
9.455349356783761978e+09
9.098066914959474564e+09
8.756755015064985275e+09
8.430627554845092773e+09
8.118937087194850922e+09
7.820973370793374062e+09
7.536061877642787933e+09
7.263562280965461731e+09
7.002866942151730537e+09
6.753399411514923096e+09
6.514612954359964371e+09
6.285989111196354866e+09
6.067036298730385780e+09
5.857288456471360207e+09
5.656303742322495461e+09
5.463663279336065292e+09
5.278969954852777481e+09
5.101847272475567818e+09
4.931938256716807365e+09
4.768904409676041603e+09
4.612424718732926369e+09
4.462194713954588890e+09
4.317925573706000328e+09
4.179343276798547745e+09
4.046187799409513950e+09
3.918212354939979553e+09
3.795182674946980000e+09
3.676876329277431488e+09
3.563082083545063972e+09
3.453599292119741440e+09
3.348237324839107990e+09
3.246815025702641010e+09
3.149160201864439487e+09
3.055109141302623272e+09
