0.000000000000000000e+00
1.645998296200609220e-37
9.838674377019873417e-11
4.728855150182244282e-02
7.554256005587294567e+02
2.065506882942875382e+05
7.618999993381335400e+06
9.109906308820302784e+07
5.449371901035114527e+08
2.070266168655440807e+09
5.755388807477326393e+09
1.280027843877778053e+10
2.415433708760332489e+10
4.026080692563506317e+10
6.098549691920388031e+10
8.569923240902958679e+10
1.134404888425198822e+11
1.430916039188141174e+11
1.735277066619586792e+11
2.037220524387479553e+11
2.328076792574989014e+11
2.601033112803701172e+11
2.851137859076284790e+11
3.075145507709768677e+11
3.271277891396616821e+11
3.438955345796192627e+11
3.578532201542556763e+11
3.691056350552540894e+11
3.778062256380661011e+11
3.841400034185084229e+11
3.883099191717985840e+11
3.905263479158665771e+11
3.909992390746462402e+11
3.899324716427379761e+11
3.875199825808660278e+11
3.839432861865655518e+11
3.793700592252130127e+11
3.739535232239484253e+11
3.678324072859431152e+11
3.611313201728526001e+11
3.539613987294310913e+11
3.464211312735469360e+11
3.385972800276481323e+11
3.305658468583973389e+11
3.223930423738189697e+11
3.141362305928758545e+11
3.058448306563672485e+11
2.975611639862603149e+11
2.893212404242187500e+11
2.811554805942630005e+11
2.730893743680170288e+11
2.651440771232485046e+11
2.573369466818783264e+11
2.496820245520724792e+11
2.421904655027538147e+11
2.348709196624692688e+11
2.277298713289895630e+11
2.207719385555975952e+11
2.140001373840149231e+11
2.074161143524847717e+11
2.010203506415178833e+11
1.948123409446453857e+11
1.887907498782106934e+11
1.829535484790379944e+11
1.772981330876234741e+11
1.718214286789619141e+11
1.665199784854295654e+11
1.613900215564164124e+11
1.564275597174403076e+11
1.516284152269839783e+11
1.469882802808463135e+11
1.425027593807988281e+11
1.381674054652501526e+11
1.339777505936225739e+11
1.299293318815799408e+11
1.260177133006396179e+11
1.222385038812574463e+11
1.185873727930016479e+11
1.150600617171331177e+11
1.116523948759469910e+11
1.083602870378641815e+11
1.051797497776051636e+11
1.021068962357113647e+11
9.913794459089787292e+10
9.626922043164320374e+10
9.349715818972637939e+10
9.081830177736894226e+10
8.822930455154537964e+10
8.572692871277061462e+10
8.330804423171205139e+10
8.096962738455371094e+10
7.870875896730053711e+10
7.652262224965617371e+10
7.440850072095445251e+10
7.236377567323611450e+10
7.038592366037904358e+10
6.847251386654590607e+10
6.662120541246047211e+10
6.482974462378529358e+10
6.309596228221038055e+10
