0.000000000000000000e+00
0.000000000000000000e+00
2.362761233052690539e-291
2.404393125774356266e-190
6.700671239379599724e-140
1.056389929021549477e-109
1.257815530394348669e-89
2.487948713603642203e-75
1.212750678519180139e-64
2.340722545844029798e-56
9.458463643644523467e-50
2.307631448462516764e-44
6.883835347613307684e-40
4.090630889268327670e-36
6.859788326670267031e-33
4.189799127875143137e-30
1.128316884223437104e-27
1.550236922103104322e-25
1.217046531012639479e-23
5.969605132047469725e-22
1.964666373538004952e-20
4.595865282052964097e-19
8.009836308448169672e-18
1.081222540411687777e-16
1.167521296951309622e-15
1.036173299800668250e-14
7.733074952647887148e-14
4.948504214412071784e-13
2.760766757215941881e-12
1.362215303403278987e-11
6.018820095847664772e-11
2.407215723314547091e-10
8.797407922424524237e-10
2.962294759529408906e-09
9.257788294629187021e-09
2.702703834577728853e-08
7.413015870913150357e-08
1.920076764003454610e-07
4.717980930821009386e-07
1.104306365854324064e-06
2.471277672958473535e-06
5.305150503555631762e-06
1.095784951249613046e-05
2.183682458819621912e-05
4.208884326236386812e-05
7.863909141251483636e-05
1.427246310743617377e-04
2.520964467355427574e-04
4.341019462827691534e-04
7.298981781505364070e-04
1.200083106809239630e-03
1.932065709788848094e-03
3.049522953911584962e-03
4.724310453213705942e-03
7.191201597167017588e-03
1.076582532916822016e-02
1.586615422286140678e-02
2.303786132515406662e-02
3.298381635169028020e-02
4.659792985379630770e-02
6.500347919706381261e-02
8.959596445750987737e-02
1.220904479971736262e-01
1.645732312427604926e-01
2.195576190127382643e-01
2.900434186768461320e-01
3.795797215147089787e-01
4.923304197438319596e-01
6.331418274328036722e-01
8.076116991827125835e-01
1.022158878923900893e+00
1.284092763864928433e+00
1.601681736509170006e+00
1.984219701219776200e+00
2.442089861114425720e+00
2.986824885742871860e+00
3.631162649302575929e+00
4.389096762024059295e+00
5.275921172484368427e+00
6.308268184457859640e+00
7.504139306817894095e+00
8.882928437196586202e+00
1.046543696780174493e+01
1.227388049318937924e+01
1.433188689317130660e+01
1.666448565775865376e+01
1.929808841357480631e+01
2.226046070114242426e+01
2.558068513862121307e+01
2.928911618889589974e+01
3.341732682249024577e+01
3.799804743790249262e+01
4.306509746306488040e+01
4.865331011634018665e+01
5.479845085254581250e+01
6.153713005882978848e+01
6.890671059686137312e+01
7.694521081186037748e+01
8.569120364572754056e+01
9.518371250126088512e+01
