0.000000000000000000e+00
5.924908731449139534e-47
2.070105932361134813e-15
3.957980461403077957e-05
4.007829562688293379e+00
3.324493731391893107e+03
2.572167212926446809e+05
5.223092853439642116e+06
4.649652677611994743e+07
2.407140363167254627e+08
8.573450438190499544e+08
2.335658964715281963e+09
5.219934342149610519e+09
1.004092593176620293e+10
1.719841736887992477e+10
2.688588922710755539e+10
3.906970739335413361e+10
5.351336766510536194e+10
6.982836096030722046e+10
8.753392139248689270e+10
1.061130387851777039e+11
1.250578596492483978e+11
1.439021446468912964e+11
1.622413483139734192e+11
1.797423638834900208e+11
1.961454640141999207e+11
2.112608733904034729e+11
2.249620330200321655e+11
2.371771510382885132e+11
2.478801878257829590e+11
2.570820435449442749e+11
2.648224184791738281e+11
2.711625971618320923e+11
2.761792544231382446e+11
2.799592811271124878e+11
2.825955662310308838e+11
2.841836386181694336e+11
2.848190580218882446e+11
2.845954425678186035e+11
2.836030261621988525e+11
2.819276487664244385e+11
2.796500942564486694e+11
2.768457026133940430e+11
2.735841947479393921e+11
2.699296588385653687e+11
2.659406564344692383e+11
2.616704146787781067e+11
2.571670778863172913e+11
2.524739974593370056e+11
2.476300438676919556e+11
2.426699282882528076e+11
2.376245246202059326e+11
2.325211850874971924e+11
2.273840446126789856e+11
2.222343106918301086e+11
2.170905366963433838e+11
2.119688774423965759e+11
2.068833265582025146e+11
2.018459356893377686e+11
1.968670159513681335e+11
1.919553222972157593e+11
1.871182216397115784e+11
1.823618456767154236e+11
1.776912294236204529e+11
1.731104364783059387e+11
1.686226720365217590e+11
1.642303846491789551e+11
1.599353576730763550e+11
1.557387913176290894e+11
1.516413761361590271e+11
1.476433587531847534e+11
1.437446005617959290e+11
1.399446300681469421e+11
1.362426895049017639e+11
1.326377762828142700e+11
1.291286797994938507e+11
1.257140140777250366e+11
1.223922466619447327e+11
1.191617241611847992e+11
1.160206947894905548e+11
1.129673282207556000e+11
1.099997330435709686e+11
1.071159720733622894e+11
1.043140757530608673e+11
1.015920538501696014e+11
9.894790563676115417e+10
9.637962871972296143e+10
9.388522667126039124e+10
9.146271559389640808e+10
8.911012974027534485e+10
8.682552629526287842e+10
8.460698941649714661e+10
8.245263361931779480e+10
8.036060658277471924e+10
7.832909144521388245e+10
7.635630865050511169e+10
7.444051739942536926e+10
7.258001675468223572e+10
7.077314644285395813e+10
6.901828739168835449e+10
