0.000000000000000000e+00
3.914882553953321871e-37
1.509298113537953488e-10
6.261531622242116901e-02
9.291194015944446392e+02
2.430231136174107378e+05
8.702895332803737372e+06
1.018797670990271866e+08
5.998190173686288595e+08
2.250755826666426182e+09
6.195494013182574272e+09
1.366780685046499634e+10
2.561753238611194611e+10
4.245583381669802856e+10
6.399528832256248474e+10
8.954641194304458618e+10
1.180917563435266876e+11
1.484690267289891663e+11
1.795226662731057129e+11
2.102088337964859314e+11
2.396550087656671143e+11
2.671831772552732544e+11
2.923075362967492065e+11
3.147166154268471680e+11
3.342475119799127808e+11
3.508576100853096924e+11
3.645971717543714600e+11
3.755846905121845093e+11
3.839858597888186035e+11
3.899963430548721313e+11
3.938281428416896362e+11
3.956991654313559570e+11
3.958255000460337524e+11
3.944159272329879761e+11
3.916682076353831177e+11
3.877667579166658936e+11
3.828813820380153809e+11
3.771667857800082397e+11
3.707626564330225220e+11
3.637941363183389893e+11
3.563725579538677368e+11
3.485963406900539551e+11
3.405519743124927979e+11
3.323150353571866455e+11
3.239511976258221436e+11
3.155172104567759399e+11
3.070618274329126587e+11
2.986266750077086792e+11
2.902470555160867310e+11
2.819526826201107788e+11
2.737683497536692200e+11
2.657145338352394714e+11
2.578079376201089783e+11
2.500619747201228943e+11
2.424872016535833130e+11
2.350917013922476501e+11
2.278814228172866516e+11
2.208604803336689148e+11
2.140314176620060425e+11
2.073954395564623413e+11
2.009526149076189270e+11
1.947020543945290833e+11
1.886420655606868896e+11
1.827702879106206055e+11
1.770838103617753296e+11
1.715792731423375244e+11
1.662529560010227966e+11
1.611008543894047241e+11
1.561187450911871948e+11
1.513022426045490723e+11
1.466468474326090393e+11
1.421479873018364258e+11
1.378010522074318542e+11
1.336014240773716125e+11
1.295445017514242554e+11
1.256257218868604431e+11
1.218405763278951416e+11
1.181846264098085480e+11
1.146535146104046936e+11
1.112429739101640472e+11
1.079488351771352844e+11
1.047670328529667816e+11
1.016936091813697357e+11
9.872471718971353149e+10
9.585662260737951660e+10
9.308570488097000122e+10
9.040845742557099915e+10
8.782148723323605347e+10
8.532151394379260254e+10
8.290536846924885559e+10
8.056999125074531555e+10
7.831243021645913696e+10
7.612983849934841919e+10
7.401947196568968201e+10
7.197868659801036072e+10
7.000493576995555115e+10
6.809576744513334656e+10
6.624882132726690674e+10
6.446182598485524750e+10
6.273259596998154449e+10
