0.000000000000000000e+00
1.212955272970548253e-46
2.954237441101336328e-15
5.004240353923585367e-05
4.768799408314134958e+00
3.814006042096321835e+03
2.879919223893547314e+05
5.747095219034949318e+06
5.049706319271759689e+07
2.587794021806632876e+08
9.142131329898291826e+08
2.474033947267414570e+09
5.498529037662832260e+09
1.052714309894250107e+10
1.795855428689372635e+10
2.797603694047814560e+10
4.052939027154615784e+10
5.536256955117171478e+10
7.206756856009698486e+10
9.014632886993750000e+10
1.090679789762199402e+11
1.283146751459287872e+11
1.474139407691263733e+11
1.659582927904067078e+11
1.836143759920604858e+11
2.001242600072298279e+11
2.153014112096975708e+11
2.290234388849659424e+11
2.412232249659999084e+11
2.518795840615959167e+11
2.610082122853216248e+11
2.686533819176929626e+11
2.748806187434857178e+11
2.797704469262212524e+11
2.834131876160995483e+11
2.859047383128596802e+11
2.873432287528102417e+11
2.878264366916266479e+11
2.874498466399990845e+11
2.863052415161558838e+11
2.844797279483677368e+11
2.820551083573429565e+11
2.791075255529898682e+11
2.757073175470189819e+11
2.719190311556715698e+11
2.678015525444526062e+11
2.634083211111691284e+11
2.587876000725325317e+11
2.539827829226167908e+11
2.490327197029222107e+11
2.439720509025563049e+11
2.388315399271994629e+11
2.336383975607717896e+11
2.284165938027129211e+11
2.231871539926525879e+11
2.179684373126754150e+11
2.127763966549605713e+11
2.076248195150909424e+11
2.025255500655147095e+11
1.974886929181342468e+11
1.925227993302331238e+11
1.876350367688917542e+11
1.828313428457503052e+11
1.781165646821771851e+11
1.734945847770338440e+11
1.689684344352360229e+11
1.645403957826239014e+11
1.602120933476132812e+11
1.559845761365076599e+11
1.518583910714307556e+11
1.478336485997052002e+11
1.439100812228879395e+11
1.400870956345659180e+11
1.363638190986600342e+11
1.327391406455566864e+11
1.292117476118417206e+11
1.257801580015219421e+11
1.224427491017362366e+11
1.191977827448736420e+11
1.160434275709348297e+11
1.129777786092979279e+11
1.099988744672381287e+11
1.071047123837442780e+11
1.042932613808654938e+11
1.015624737210709229e+11
9.891029485764324951e+10
9.633467204563450623e+10
9.383356176346054077e+10
9.140493607939439392e+10
8.904678808307164001e+10
8.675713648933993530e+10
8.453402951028617859e+10
8.237554808111990356e+10
8.027980851620874023e+10
7.824496466344781494e+10
7.626920961761503601e+10
7.435077704686575317e+10
7.248794218042924500e+10
7.067902250046066284e+10
6.892237817604559326e+10
