0.000000000000000000e+00
3.086671096878961958e-21
9.525851784020024360e-03
7.576686233531364451e+03
4.879386031627726741e+06
1.936410475752626061e+08
1.969321147069657564e+09
9.371139584766391754e+09
2.806750571568560791e+10
6.222864933815438080e+10
1.123952795527098999e+11
1.755985094114268188e+11
2.468236986084333496e+11
3.206066994430705566e+11
3.921405275871498413e+11
4.578015545199824219e+11
5.152442929706406250e+11
5.632528488355113525e+11
6.014939671358586426e+11
6.302597175376014404e+11
6.502431208078265381e+11
6.623617261598778076e+11
6.676289518297921143e+11
6.670662822747457275e+11
6.616474800980726318e+11
6.522663906521403809e+11
6.397212798047896729e+11
6.247102123145821533e+11
6.078334114165906982e+11
5.895997184016842041e+11
5.704351799910180664e+11
5.506924627199355469e+11
5.306602730757101440e+11
5.105722948826464844e+11
4.906153800183155518e+11
4.709368756691428223e+11
4.516510642779281006e+11
4.328447482036730957e+11
4.145820421650874634e+11
3.969084513897414551e+11
3.798543179854814453e+11
3.634377164256623535e+11
3.476668738808962402e+11
3.325421841902910767e+11
3.180578766561644287e+11
3.042033932483087158e+11
2.909645206102084961e+11
2.783243166760636597e+11
2.662638658208325806e+11
2.547628912897641296e+11
2.438002491583212891e+11
2.333543242066216125e+11
2.234033447894269104e+11
2.139256309785838013e+11
2.048997878842445374e+11
1.963048540648773193e+11
1.881204132600980530e+11
1.803266762762246399e+11
1.729045386810850220e+11
1.658356189852077332e+11
1.591022811705407410e+11
1.526876447486523438e+11
1.465755849659136963e+11
1.407507253041013184e+11
1.351984240361413422e+11
1.299047562740139465e+11
1.248564926790562592e+11
1.200410757839379883e+11
1.154465946931304016e+11
1.110617587780380859e+11
1.068758708588736877e+11
1.028788002631623077e+11
9.906095606688058472e+10
9.541326075544932556e+10
9.192712448558621216e+10
8.859442008312080383e+10
8.540745887467150879e+10
8.235896742090032959e+10
7.944206519480766296e+10
7.665024322906817627e+10
7.397734374097354126e+10
7.141754073139845276e+10
6.896532154470898438e+10
6.661546936929869843e+10
6.436304665293117523e+10
6.220337940313523102e+10
6.013204234002430725e+10
5.814484486711807251e+10
5.623781782462475586e+10
5.440720098921585083e+10
5.264943128432126617e+10
5.096113166538071442e+10
4.933910064518479156e+10
4.778030242533795166e+10
4.628185760097747040e+10
4.484103440704161835e+10
4.345524047568145752e+10
4.212201507571183014e+10
4.083902180633047485e+10
3.960404171870723724e+10
