0.000000000000000000e+00
3.430236183309781117e-35
1.372287373018239256e-09
2.661626480114214766e-01
2.697622056799852089e+03
5.611205890440319199e+05
1.724469273562130332e+07
1.809627382309235036e+08
9.814535889843189716e+08
3.454808404558443069e+09
9.035435991816884995e+09
1.911501698022829437e+10
3.459683392927327728e+10
5.566530950997325897e+10
8.180345286029107666e+10
1.119726958054770966e+11
1.448487034912520447e+11
1.790374516823256531e+11
2.132356243118001709e+11
2.463287124082549438e+11
2.774358937301304932e+11
3.059162662667474365e+11
3.313507043565010986e+11
3.535108138952026978e+11
3.723231279048615723e+11
3.878337280561800537e+11
4.001762113590996094e+11
4.095443458832871704e+11
4.161697534099492798e+11
4.203043717255311279e+11
4.222071517220562134e+11
4.221343305903761597e+11
4.203326174988953857e+11
4.170346818629443970e+11
4.124564144903924561e+11
4.067955192152166138e+11
4.002310763343652344e+11
3.929237939268823853e+11
3.850167269502514038e+11
3.766362967563168335e+11
3.678934862170085449e+11
3.588851192983814087e+11
3.496951600868236694e+11
3.403959863075488892e+11
3.310496074940475464e+11
3.217088092032580566e+11
3.124182128853322144e+11
3.032152469075399170e+11
2.941310283568523560e+11
2.851911580451801147e+11
2.764164329561849365e+11
2.678234814676556702e+11
2.594253272588739624e+11
2.512318880212231140e+11
2.432504150454636230e+11
2.354858795460661926e+11
2.279413112630628662e+11
2.206180945002380066e+11
2.135162263472758484e+11
2.066345414144743652e+11
1.999709069976131287e+11
1.935223921972282410e+11
1.872854141466882935e+11
1.812558641609332886e+11
1.754292163035082092e+11
1.698006205838319092e+11
1.643649827389432373e+11
1.591170323220169067e+11
1.540513806132518005e+11
1.491625696842049866e+11
1.444451137830426636e+11
1.398935340634869385e+11
1.355023875520970459e+11
1.312662911360192261e+11
1.271799412539485016e+11
1.232381298859629364e+11
1.194357573613478394e+11
1.157678424364696808e+11
1.122295300360306244e+11
1.088160969996068115e+11
1.055229561304530487e+11
1.023456588042947083e+11
9.927989636148004150e+10
9.632150047600778198e+10
9.346644266875863647e+10
9.071083310958038330e+10
8.805091883293882751e+10
8.548308147471328735e+10
8.300383462248194885e+10
8.060982085880339050e+10
7.829780856538778687e+10
7.606468854633920288e+10
7.390747051997016907e+10
7.182327952130133057e+10
6.980935225085765076e+10
6.786303339977495575e+10
6.598177197645304108e+10
6.416311765571501160e+10
6.240471716787455750e+10
6.070431074199588776e+10
