0.000000000000000000e+00
2.123375625906250731e-40
3.668746064111307284e-12
5.452899095177462900e-03
1.534188476450378289e+02
5.894494803496601526e+04
2.728516580801832955e+06
3.837503854941307008e+07
2.593040500776878595e+08
1.083154784206405163e+09
3.248833849865652561e+09
7.689262418703961372e+09
1.528229297549805069e+10
2.661660346945724106e+10
4.186585213524597931e+10
6.078563687849176025e+10
8.279725885923796082e+10
1.071097990206343994e+11
1.328420783280277557e+11
1.591225508189348145e+11
1.851592207477940063e+11
2.102806139339108276e+11
2.339531731083013611e+11
2.557816723279178162e+11
2.754987601398808594e+11
2.929485357669810791e+11
3.080677197283836060e+11
3.208667857413604126e+11
3.314124778478273315e+11
3.398124518014426270e+11
3.462023161360347290e+11
3.507350565429199829e+11
3.535726598189735718e+11
3.548796713189383545e+11
3.548183924278031006e+11
3.535454303439539185e+11
3.512093365105146484e+11
3.479491025651331177e+11
3.438933175906979980e+11
3.391598241715502319e+11
3.338557414021999512e+11
3.280777497375473022e+11
3.219125552460054932e+11
3.154374696274650879e+11
3.087210576710658569e+11
3.018238161151416626e+11
2.947988575978889771e+11
2.876925809923411865e+11
2.805453152932643433e+11
2.733919287030785522e+11
2.662623979348456726e+11
2.591823352468612671e+11
2.521734725381221924e+11
2.452541031222077637e+11
2.384394826815995483e+11
2.317421914845670776e+11
2.251724602977710266e+11
2.187384626108584900e+11
2.124465758500991821e+11
2.063016142322400818e+11
2.003070358243970947e+11
1.944651262510571289e+11
1.887771613405959167e+11
1.832435508420167542e+11
1.778639651761060181e+11
1.726374470197694702e+11
1.675625093614834900e+11
1.626372215127428284e+11
1.578592844162176819e+11
1.532260964572615967e+11
1.487348108617182007e+11
1.443823856494549561e+11
1.401656270098285828e+11
1.360812268713951263e+11
1.321257953535862427e+11
1.282958887116150513e+11
1.245880333175244904e+11
1.209987461587313232e+11
1.175245522807121124e+11
1.141619995512931213e+11
1.109076710805203247e+11
1.077581955911895447e+11
1.047102560005234833e+11
1.017605964429357758e+11
9.890602793656364441e+10
9.614343287214840698e+10
9.346976848148727417e+10
9.088206942383605957e+10
8.837744961183088684e+10
8.595310338379342651e+10
8.360630611617089844e+10
8.133441435836827087e+10
7.913486556196258545e+10
7.700517746741622925e+10
7.494294720336067200e+10
7.294585014659579468e+10
7.101163858475900269e+10
6.913814021822012329e+10
6.732325653292276764e+10
6.556496107173140717e+10
