0.000000000000000000e+00
6.830670406851817717e-62
4.430923954770736493e-24
1.159139643396924017e-11
1.406554827622466495e-05
5.202665662469836694e-02
1.092117041287377965e+01
4.527355274168358505e+02
6.886765628699934496e+03
5.410398657328973786e+04
2.691016156320109149e+05
9.636874760003167903e+05
2.705513580844046548e+06
6.313207520326197147e+06
1.276248241969607584e+07
2.303563644089676440e+07
3.796548757234258205e+07
5.811564051136693358e+07
8.371726145136821270e+07
1.146622429186544418e+08
1.505401733033821881e+08
1.907021151794466972e+08
2.343353089078972340e+08
2.805367115359188914e+08
3.283776756651107073e+08
3.769559155756177902e+08
4.254337550222169161e+08
4.730634831161379814e+08
5.192016390971846581e+08
5.633144363899483681e+08
6.049765363029965162e+08
6.438651613594058752e+08
6.797512170658838749e+08
7.124887457655553818e+08
7.420037115769951344e+08
7.682828333973391056e+08
7.913629512846897840e+08
8.113212295357377529e+08
8.282663623299016953e+08
8.423308479800031185e+08
8.536643283674384356e+08
8.624279443298361301e+08
8.687896297982476950e+08
8.729202525530358553e+08
8.749905037635254860e+08
8.751684390447062254e+08
8.736175783827763796e+08
8.704954793187258244e+08
8.659527060706677437e+08
8.601321260124607086e+08
8.531684735692162514e+08
8.451881297975407839e+08
8.363090734897128344e+08
8.266409664770169258e+08
8.162853418760375977e+08
8.053358693361793756e+08
7.938786759480270147e+08
7.819927054172511101e+08
7.697501014622590542e+08
7.572166042222445011e+08
7.444519508305878639e+08
7.315102732780249119e+08
7.184404883164731264e+08
7.052866754886152744e+08
6.920884404547551870e+08
6.788812616664466858e+08
6.656968191399968863e+08
6.525633046410758495e+08
6.395057130298939943e+08
6.265461148553276062e+08
6.137039105443718433e+08
6.009960667253249884e+08
5.884373353614774942e+08
5.760404564678437710e+08
5.638163452446796894e+08
5.517742644959349632e+08
5.399219832138693333e+08
5.282659222079352736e+08
5.168112876404327154e+08
5.055621933067470789e+08
4.945217724665307403e+08
4.836922799963095188e+08
4.730751855950878859e+08
4.626712587339999080e+08
4.524806459999050498e+08
4.425029414418073297e+08
4.327372504886316657e+08
4.231822479678006768e+08
4.138362307162802219e+08
4.046971652398422956e+08
3.957627308420238495e+08
3.870303586120080948e+08
3.784972666302680969e+08
3.701604917223331928e+08
3.620169180644947886e+08
3.540633029204875827e+08
3.462962997652268410e+08
3.387124790303371549e+08
3.313083466865267158e+08
3.240803608596460223e+08
