0.000000000000000000e+00
9.530254969721695506e-41
2.468052381193885137e-12
4.201907605251917546e-03
1.265520547108587976e+02
5.065344427360058762e+04
2.409634479143998120e+06
3.455849524653517455e+07
2.369638190169786811e+08
1.001196479330308795e+09
3.030570092415555954e+09
7.226544057149594307e+09
1.445254077765340233e+10
2.530479766599509430e+10
3.998327234411499786e+10
5.828089923071239471e+10
7.965914221274548340e+10
1.033637145906958923e+11
1.285427749683974304e+11
1.543453787946953430e+11
1.799916055557136230e+11
2.048146974260998840e+11
2.282800304670554810e+11
2.499871476875079346e+11
2.696607562636006775e+11
2.871355005053759155e+11
3.023380522475108032e+11
3.152689064059330444e+11
3.259853451524479370e+11
3.345863543290695190e+11
3.411998097478375244e+11
3.459719534067344360e+11
3.490590053890162964e+11
3.506206682084549561e+11
3.508152471026709595e+11
3.497961107465517578e+11
3.477092371261084595e+11
3.446916189773254395e+11
3.408703359941791382e+11
3.363621332216641235e+11
3.312733746443251953e+11
3.257002670219899292e+11
3.197292712493773804e+11
3.134376370498752441e+11
3.068940119864902344e+11
3.001590880040423584e+11
2.932862584433686523e+11
2.863222661075803833e+11
2.793078288878451538e+11
2.722782340006758728e+11
2.652638953251631775e+11
2.582908708915089111e+11
2.513813394484684143e+11
2.445540363821546326e+11
2.378246501942649536e+11
2.312061813726079102e+11
2.247092658773451843e+11
2.183424656834637451e+11
2.121125289098183594e+11
2.060246220642893066e+11
2.000825368702408447e+11
1.942888740325617676e+11
1.886452061678537903e+11
1.831522219740769043e+11
1.778098535591070862e+11
1.726173886905396423e+11
1.675735695757571411e+11
1.626766796340455322e+11
1.579246195830008545e+11
1.533149740319178772e+11
1.488450696538149719e+11
1.445120258973770752e+11
1.403127990987587280e+11
1.362442207610823059e+11
1.323030306863109894e+11
1.284859055688182068e+11
1.247894835924208832e+11
1.212103855119107513e+11
1.177452326457569885e+11
1.143906621580763550e+11
1.111433399646610260e+11
1.079999715591204529e+11
1.049573110209506226e+11
1.020121684367477417e+11
9.916141593855531311e+10
9.640199253944047546e+10
9.373090792485734558e+10
9.114524533957620239e+10
8.864216369311225891e+10
8.621889899185090637e+10
8.387276519285588074e+10
8.160115456284364319e+10
7.940153761547309875e+10
7.727146269115162659e+10
7.520855523545495605e+10
7.321051682530128479e+10
7.127512398570854187e+10
6.940022683460224915e+10
6.758374758812397766e+10
6.582367895483802795e+10
