0.000000000000000000e+00
2.203817101081029482e-45
1.245437941781770027e-14
1.292130015710967524e-04
9.630231099310567089e+00
6.644506277437256358e+03
4.546195813144693384e+05
8.454858243624130264e+06
7.046078890161879361e+07
3.465186023798946738e+08
1.184475240333142519e+09
3.120043169057040215e+09
6.779922239376111031e+09
1.273532697980561447e+10
2.137321863164445496e+10
3.282662632091703796e+10
4.696970625324995422e+10
6.346044731984091949e+10
8.180737031533332825e+10
1.014401932609608154e+11
1.217716856757593842e+11
1.422447885111365967e+11
1.623639633120625916e+11
1.817125388770829773e+11
1.999590277412721252e+11
2.168555720564188538e+11
2.322313268781061707e+11
2.459830222367182617e+11
2.580643532813405762e+11
2.684753245391261902e+11
2.772522548858675537e+11
2.844588364168165283e+11
2.901784198653261108e+11
2.945075530974587402e+11
2.975507091324205933e+11
2.994160901769584351e+11
3.002123715897105103e+11
3.000462448910155640e+11
2.990206249474663086e+11
2.972333984535813599e+11
2.947766055695890503e+11
2.917359619897472534e+11
2.881906435620474854e+11
2.842132691734443970e+11
2.798700296343690796e+11
2.752209206591330566e+11
2.703200467975026245e+11
2.652159704585309143e+11
2.599520861466169128e+11
2.545670048780912476e+11
2.490949376354204712e+11
2.435660698026876831e+11
2.380069209505746155e+11
2.324406862228552856e+11
2.268875570228903503e+11
2.213650197939720764e+11
2.158881325042887573e+11
2.104697790436451111e+11
2.051209021635161133e+11
1.998507158829270325e+11
1.946668984711410217e+11
1.895757672286572266e+11
1.845824363406035156e+11
1.796909590858520813e+11
1.749044556639653320e+11
1.702252278587927856e+11
1.656548617000126038e+11
1.611943192171272583e+11
1.568440203087146912e+11
1.526039156759150391e+11
1.484735516957667236e+11
1.444521280379851379e+11
1.405385487601528320e+11
1.367314675507593994e+11
1.330293277282774353e+11
1.294303975472229614e+11
1.259328013093005066e+11
1.225345467290152893e+11
1.192335489584418793e+11
1.160276516351407013e+11
1.129146452800888214e+11
1.098922833388258209e+11
1.069582961285735626e+11
1.041104029264862518e+11
1.013463224094145660e+11
9.866378163316738892e+10
9.606052371916664124e+10
9.353431439829136658e+10
9.108294754555244446e+10
8.870424982466622925e+10
8.639608454860382080e+10
8.415635485055308533e+10
8.198300624929525757e+10
7.987402868372195435e+10
7.782745808283944702e+10
7.584137753027345276e+10
7.391391807555014038e+10
7.204325923859729004e+10
7.022762924861561584e+10
6.846530505372402954e+10
