0.000000000000000000e+00
1.751800667895575766e-29
8.843208256119275130e-07
1.825572280370258937e+01
6.017531278260127874e+04
6.372367638837556355e+06
1.247913287868323773e+08
9.487830666541872025e+08
4.039973777643572330e+09
1.177970617092295647e+10
2.649480916825593185e+10
4.953920955164495087e+10
8.088645066302612305e+10
1.192731717323832245e+11
1.626443664035369873e+11
2.086442793986768494e+11
2.550052110011777039e+11
2.997893672084625854e+11
3.414986628877415161e+11
3.790896635053520508e+11
4.119315322922835693e+11
4.397366793754974976e+11
4.624840250936240234e+11
4.803465170215462036e+11
4.936286060486881714e+11
5.027155933884166870e+11
5.080345865564643555e+11
5.100257229386062012e+11
5.091219168883494263e+11
5.057353660651793213e+11
5.002492240942557373e+11
4.930130943193419800e+11
4.843412589037932129e+11
4.745127962494208374e+11
4.637729440858809814e+11
4.523352326295560303e+11
4.403840442807620239e+11
4.280773580922751465e+11
4.155495139892404175e+11
4.029138884981193848e+11
3.902654149706872559e+11
3.776829106482408447e+11
3.652311933621972046e+11
3.529629845305724487e+11
3.409206041751997070e+11
3.291374693044244385e+11
3.176394101956863403e+11
3.064458206182858887e+11
2.955706584074960938e+11
2.850233124297391968e+11
2.748093511471291809e+11
2.649311668951207275e+11
2.553885287651003113e+11
2.461790557264927979e+11
2.372986203900708008e+11
2.287416926420236206e+11
2.205016312897155151e+11
2.125709308637508545e+11
2.049414298216084595e+11
1.976044855931002808e+11
1.905511211932538757e+11
1.837721474973951416e+11
1.772582647190913696e+11
1.710001461472257080e+11
1.649885067756357117e+11
1.592141590917028503e+11
1.536680579715125122e+11
1.483413363534013672e+11
1.432253331233492432e+11
1.383116144399737244e+11
1.335919895494789886e+11
1.290585219883287354e+11
1.247035369399856567e+11
1.205196253992068634e+11
1.164996457004700012e+11
1.126367228837998962e+11
1.089242462999693146e+11
1.053558657958748169e+11
1.019254867684547729e+11
9.862726433070658875e+10
9.545559679495143127e+10
9.240511864577265930e+10
8.947069314694735718e+10
8.664740470287063599e+10
8.393055107457398987e+10
8.131563553302662659e+10
7.879835901775369263e+10
7.637461235612901306e+10
7.404046858820195007e+10
7.179217543279345703e+10
6.962614792306130981e+10
6.753896123325857544e+10
6.552734371307530212e+10
6.358817014137751770e+10
6.171845520739187622e+10
5.991534722426616669e+10
5.817612207729103851e+10
5.649817740697552490e+10
5.487902702537892151e+10
5.331629556270703125e+10
