0.000000000000000000e+00
1.374129765814748791e-35
8.739406292150786982e-10
1.980389628772719068e-01
2.170008032239725253e+03
4.730387879791700980e+05
1.499984080714639835e+07
1.609675162951130867e+08
8.877982226701263189e+08
3.166269221015481949e+09
8.367976818002451897e+09
1.785541237991997910e+10
3.254897402942990875e+10
5.268846521021884155e+10
7.783203708469573975e+10
1.070175828452904968e+11
1.389857083637213745e+11
1.723895648645392456e+11
2.059542069393433228e+11
2.385768401949757385e+11
2.693752994763388062e+11
2.976981497940006104e+11
3.231100182202877808e+11
3.453633504613540039e+11
3.643646831482810059e+11
3.801406888794133301e+11
3.928070339541402588e+11
4.025415210491056519e+11
4.095619701074365234e+11
4.141086845622981567e+11
4.164310305445069580e+11
4.167775232737409058e+11
4.153887939241081543e+11
4.124928516018418579e+11
4.083021261167000122e+11
4.030118580542504883e+11
3.967994818993319702e+11
3.898247197827376099e+11
3.822301653894976196e+11
3.741421892310663452e+11
3.656720384651440430e+11
3.569170378709481201e+11
3.479618247421201172e+11
3.388795706127612915e+11
3.297331580358419800e+11
3.205762920845255127e+11
3.114545346820955200e+11
3.024062559692368774e+11
2.934635012380136108e+11
2.846527749360608521e+11
2.759957452132883301e+11
2.675098737104581299e+11
2.592089759779343872e+11
2.511037182164200745e+11
2.432020560671398315e+11
2.355096210318614502e+11
2.280300598384955139e+11
2.207653317314059753e+11
2.137159682913437500e+11
2.068813000012087402e+11
2.002596533873606262e+11
1.938485221924389343e+11
1.876447156820230713e+11
1.816444868575131836e+11
1.758436430437808838e+11
1.702376410423770142e+11
1.648216687897867432e+11
1.595907152334968262e+11
1.545396299355128174e+11
1.496631737317272034e+11
1.449560616140437927e+11
1.404129988592402039e+11
1.360287113016590271e+11
1.317979705352099457e+11
1.277156147313773193e+11
1.237765656732207031e+11
1.199758425290886383e+11
1.163085728227486572e+11
1.127700009978683929e+11
1.093554949234008789e+11
1.060605506412366943e+11
1.028807956180840912e+11
9.981199072907727051e+10
9.685003117042997742e+10
9.399094647210798645e+10
9.123089975858013916e+10
8.856618638554920959e+10
8.599323206319653320e+10
8.350859056109245300e+10
8.110894107677267456e+10
7.879108533831349182e+10
7.655194450124818420e+10
7.438855589136016846e+10
7.229806963732588196e+10
7.027774523052919006e+10
6.832494804369539642e+10
6.643714583495307922e+10
6.461190525968787384e+10
6.284688840878205872e+10
6.113984938865939331e+10
