0.000000000000000000e+00
8.922854278176897493e-42
7.641444315761712366e-13
1.943469746876959987e-03
7.158012289171779230e+01
3.233351337565761060e+04
1.667441914728961186e+06
2.533488061917305738e+07
1.814099274450622499e+08
7.927646934383515120e+08
2.465332225513825893e+09
6.010123200746813774e+09
1.224346617282307434e+10
2.177427226176162720e+10
3.486865568475865173e+10
5.141940869854808807e+10
7.099905534685877991e+10
9.295732449897239685e+10
1.165279148427823181e+11
1.409219645768374634e+11
1.653979818586922302e+11
1.893067040614718933e+11
2.121141625250539551e+11
2.334081116993182678e+11
2.528930889038529968e+11
2.703786072298528137e+11
2.857639297987987061e+11
2.990218451907504272e+11
3.101830015865477905e+11
3.193216989797579956e+11
3.265435713261661987e+11
3.319752798113557739e+11
3.357561466986467285e+11
3.380315524488641357e+11
3.389478695113460693e+11
3.386486936802593994e+11
3.372721433879561768e+11
3.349490186451886597e+11
3.318016379106260986e+11
3.279431988580944824e+11
3.234775354090110474e+11
3.184991672545990601e+11
3.130935588823745117e+11
3.073375227633150635e+11
3.012997160205415649e+11
2.950411918888991089e+11
2.886159769353158569e+11
2.820716526967875366e+11
2.754499264369903564e+11
2.687871804198979492e+11
2.621149927061161499e+11
2.554606252121538696e+11
2.488474768156929626e+11
2.422955007890025024e+11
2.358215869193675842e+11
2.294399094255388794e+11
2.231622422806942444e+11
2.169982438660223083e+11
2.109557130523549805e+11
2.050408188780328979e+11
1.992583059877821960e+11
1.936116779424627075e+11
1.881033604192985840e+11
1.827348462098805237e+11
1.775068237980188293e+11
1.724192911681713257e+11
1.674716563633111572e+11
1.626628261812869568e+11
1.579912842743699036e+11
1.534551597986021118e+11
1.490522876490050049e+11
1.447802612140830688e+11
1.406364784884519653e+11
1.366181822958653259e+11
1.327224952957698517e+11
1.289464503749782867e+11
1.252870169611240082e+11
1.217411237360412903e+11
1.183056781747094269e+11
1.149775832880046997e+11
1.117537519054020081e+11
1.086311187957382965e+11
1.056066508904448853e+11
1.026773558435385132e+11
9.984028913569502258e+10
9.709255990593769836e+10
9.443133567311129761e+10
9.185384609044708252e+10
8.935738585978079224e+10
8.693931691702920532e+10
8.459706998733943176e+10
8.232814559659358215e+10
8.013011461564546204e+10
7.800061840435383606e+10
7.593736861442906189e+10
7.393814670284692383e+10
7.200080320129075623e+10
7.012325678131057739e+10
6.830349315008113861e+10
6.653956380707279205e+10
