0.000000000000000000e+00
8.658140661319427153e-35
2.166323167713545275e-09
3.589409754792483032e-01
3.361717919408930356e+03
6.668437870312177110e+05
1.985475260603919998e+07
2.036854135031754971e+08
1.086062258847169638e+09
3.772759737299033165e+09
9.762935326814384460e+09
2.047556728630315399e+10
3.679199347993544006e+10
5.883543661023585510e+10
8.600865571554122925e+10
1.171931331020978088e+11
1.509978994233549805e+11
1.859815815717124634e+11
2.208133898826038208e+11
2.543686194739812012e+11
2.857695679620726929e+11
3.143876464669093628e+11
3.398216034817222900e+11
3.618635988013365479e+11
3.804612956299479980e+11
3.956810652068081055e+11
4.076750875747515869e+11
4.166535537574663086e+11
4.228621854080205688e+11
4.265647264848757324e+11
4.280297877442737427e+11
4.275213317116770020e+11
4.252920976163630371e+11
4.215793322291206665e+11
4.166022820308649902e+11
4.105609960133157959e+11
4.036360765529094849e+11
3.959890934475557861e+11
3.877634417983106079e+11
3.790854781777858276e+11
3.700658125724697876e+11
3.608006674003831787e+11
3.513732410312230835e+11
3.418550331143068237e+11
3.323071039196600952e+11
3.227812508919732056e+11
3.133210935892328491e+11
3.039630638401246338e+11
2.947373018716658936e+11
2.856684617729382324e+11
2.767764313160463867e+11
2.680769721118761902e+11
2.595822865378302612e+11
2.513015179845572815e+11
2.432411908426598206e+11
2.354055963691651306e+11
2.277971301978470764e+11
2.204165868301445923e+11
2.132634159947134094e+11
2.063359453143494568e+11
1.996315732835485840e+11
1.931469361466213074e+11
1.868780518808038940e+11
1.808204441334626770e+11
1.749692486381816711e+11
1.693193043411236877e+11
1.638652312046705322e+11
1.586014964190993347e+11
1.535224705421046143e+11
1.486224748989314575e+11
1.438958214099940186e+11
1.393368458665012512e+11
1.349399355455476532e+11
1.306995519425694275e+11
1.266102492992868195e+11
1.226666895179204712e+11
1.188636539755865479e+11
1.151960526858625946e+11
1.116589311957675629e+11
1.082474755551481476e+11
1.049570156506380768e+11
1.017830271574347534e+11
9.872113232787854004e+10
9.576709980635034180e+10
9.291684363392597961e+10
9.016642158388352966e+10
8.751203294947676086e+10
8.495001588832470703e+10
8.247684441307560730e+10
8.008912510498321533e+10
7.778359361597593689e+10
7.555711101504571533e+10
7.340666002640528870e+10
7.132934119956159973e+10
6.932236904517007446e+10
6.738306816506819916e+10
6.550886940017734528e+10
6.369730601591370392e+10
6.194600994122716522e+10
6.025270807439417267e+10
