0.000000000000000000e+00
1.934112951156548294e-27
8.888717248677397670e-06
8.209806639846738108e+01
1.808048699612280179e+05
1.502524211881294101e+07
2.502818783062446713e+08
1.694949255488883018e+09
6.616627666051330566e+09
1.803084506219057465e+10
3.841656095449148560e+10
6.871355902533086395e+10
1.081190955690149536e+11
1.545130023730126343e+11
2.051135014975626221e+11
2.570673736613287964e+11
3.078493644893555298e+11
3.554648428482536011e+11
3.985025696798439331e+11
4.360941225945034180e+11
4.678267029887073364e+11
4.936412593733425903e+11
5.137347019360631714e+11
5.284754330251646729e+11
5.383353396412568359e+11
5.438379589514615479e+11
5.455208619177015991e+11
5.439097075868362427e+11
5.395014180534694214e+11
5.327542049131005859e+11
5.240825621941005249e+11
5.138557312991442261e+11
5.023984941615330200e+11
4.899934444814133301e+11
4.768841218536492920e+11
4.632785754634321289e+11
4.493530611826605225e+11
4.352556770696546021e+11
4.211098153816179199e+11
4.070173609555574341e+11
3.930616016179621582e+11
3.793098403928792114e+11
3.658157149434078979e+11
3.526212393500838013e+11
3.397585888117663574e+11
3.272516504752169800e+11
3.151173643141049805e+11
3.033668774666781006e+11
2.920065341824578247e+11
2.810387218520054932e+11
2.704625917245733643e+11
2.602746710034986572e+11
2.504693811432940674e+11
2.410394754122979431e+11
2.319764071612965088e+11
2.232706387657778320e+11
2.149118998901302185e+11
2.068894025510210266e+11
1.991920194260330200e+11
1.918084309507649231e+11
1.847272459611687927e+11
1.779370999554384155e+11
1.714267344595351257e+11
1.651850604714789429e+11
1.592012085213128662e+11
1.534645675075322266e+11
1.479648141479640808e+11
1.426919346069335022e+11
1.376362396240756531e+11
1.327883742682920074e+11
1.281393232679774017e+11
1.236804127215902100e+11
1.194033088673200531e+11
1.153000144839310150e+11
1.113628634039661255e+11
1.075845135433453674e+11
1.039579387856580963e+11
1.004764200037585449e+11
9.713353545398533630e+10
9.392315073817285156e+10
9.083940849472558594e+10
8.787671795126928711e+10
8.502974444709968567e+10
8.229339901322462463e+10
7.966282808045367432e+10
7.713340337156863403e+10
7.470071202136410522e+10
7.236054695818898010e+10
7.010889757208093262e+10
6.794194068753736115e+10
6.585603185306256104e+10
6.384769695480963135e+10
6.191362415765126038e+10
6.005065617376248932e+10
5.825578285619738770e+10
5.652613411282060242e+10
5.485897313429854584e+10
5.325168992856863403e+10
5.170179515321909332e+10
5.020691423646345520e+10
