0.000000000000000000e+00
2.491325035930440821e-46
4.222628120302600820e-15
6.333439205326141079e-05
5.678342442088807118e+00
4.377995079060860917e+03
3.225890203743036254e+05
6.325888509037584998e+06
5.485767971945121139e+07
2.782677253387268186e+08
9.750511595520629883e+08
2.621056154758787155e+09
5.792833392713902473e+09
1.103826097087966156e+10
1.875423450476221848e+10
2.911292790160592651e+10
4.204667049243431091e+10
5.727911495534847260e+10
7.438221337990444946e+10
9.284030251507806396e+10
1.121085444281777954e+11
1.316591627018016510e+11
1.510136145340278625e+11
1.697617189512120667e+11
1.875701439640263977e+11
2.041830326547321167e+11
2.194173558227022095e+11
2.331551286865209656e+11
2.453341137218051147e+11
2.559381537195625916e+11
2.649878826696128845e+11
2.725322571317077942e+11
2.786411300413751221e+11
2.833989380223884277e+11
2.868994764802924194e+11
2.892416796738603516e+11
2.905262937341439819e+11
2.908533200038460693e+11
2.903201072740162354e+11
2.890199796352432251e+11
2.870412984012749634e+11
2.844668697044705811e+11
2.813736225271163940e+11
2.778324943084224243e+11
2.739084724324705200e+11
2.696607496828258362e+11
2.651429601296209717e+11
2.604034689697680969e+11
2.554856956941816711e+11
2.504284547522947388e+11
2.452663017700413513e+11
2.400298764935953979e+11
2.347462361046215515e+11
2.294391744961208801e+11
2.241295246081726685e+11
2.188354420831223145e+11
2.135726693783218384e+11
2.083547801294555969e+11
2.031934040351951294e+11
1.980984328735307007e+11
1.930782084914954529e+11
1.881396937590615540e+11
1.832886275640234375e+11
1.785296649633288269e+11
1.738665036103791199e+11
1.693019975567007751e+11
1.648382594875951538e+11
1.604767524008798523e+11
1.562183716799252014e+11
1.520635184502237854e+11
1.480121650452314453e+11
1.440639133440425110e+11
1.402180466815463867e+11
1.364735759727590790e+11
1.328292806364449615e+11
1.292837448505695953e+11
1.258353896225725403e+11
1.224825011119934387e+11
1.192232556006041870e+11
1.160557414667345123e+11
1.129779784850160980e+11
1.099879347405286102e+11
1.070835414170942688e+11
1.042627056928231049e+11
1.015233219519955139e+11
9.886328150065068054e+10
9.628048095358456421e+10
9.377282944287800598e+10
9.133825478213566589e+10
8.897470870635316467e+10
8.668017129446461487e+10
8.445265467020666504e+10
8.229020606648587036e+10
8.019091032930325317e+10
7.815289192892703247e+10
7.617431653864724731e+10
7.425339223478686523e+10
7.238837036569692993e+10
7.057754613220472717e+10
6.881925891721240234e+10
