0.000000000000000000e+00
5.466172472111867694e-29
1.546019396391894354e-06
2.627644101693145728e+01
7.856839791771640012e+04
7.846625260929467157e+06
1.477674485286896825e+08
1.092479387274576902e+09
4.555166301035274506e+09
1.306649840759057617e+10
2.900676985467406845e+10
5.365758164306401062e+10
8.683086577919520569e+10
1.270727979733508453e+11
1.721585216464328918e+11
2.196093263695733032e+11
2.670874347049760437e+11
3.126314202279509277e+11
3.547543425150574951e+11
3.924464705165568848e+11
4.251228239974548340e+11
4.525460203923397827e+11
4.747442673329081421e+11
4.919356960228809204e+11
5.044642065457340698e+11
5.127482496279392090e+11
5.172418927546286621e+11
5.184065419282623291e+11
5.166913766965766602e+11
5.125206053174221191e+11
5.062858689380000610e+11
4.983424063617115479e+11
4.890078735198638916e+11
4.785629649201566162e+11
4.672531972079838867e+11
4.552913865472889404e+11
4.428604855958893433e+11
4.301165480731336670e+11
4.171916652450302734e+11
4.041967745557805176e+11
3.912242808022250366e+11
3.783504585174755859e+11
3.656376236498240356e+11
3.531360755596617432e+11
3.408858186141296997e+11
3.289180775923747559e+11
3.172566237286254883e+11
3.059189292524630127e+11
2.949171682689293823e+11
2.842590811367465820e+11
2.739487184198930969e+11
2.639870791925368652e+11
2.543726570965367737e+11
2.451019061680509338e+11
2.361696371185264282e+11
2.275693535070568237e+11
2.192935360926561279e+11
2.113338826136484375e+11
2.036815093068103638e+11
1.963271196478821716e+11
1.892611450605280762e+11
1.824738616956150818e+11
1.759554868180891418e+11
1.696962578467017212e+11
1.636864966642093811e+11
1.579166614451238708e+11
1.523773879274264832e+11
1.470595217780419617e+11
1.419541434630938416e+11
1.370525868288027802e+11
1.323464524219686279e+11
1.278276164275252380e+11
1.234882359701630859e+11
1.193207514154897308e+11
1.153178862103373871e+11
1.114726447199373322e+11
1.077783084494501495e+11
1.042284309773469849e+11
1.008168318768525391e+11
9.753758985784057617e+10
9.438503532415856934e+10
9.135374250953805542e+10
8.843852132796725464e+10
8.563440905138514709e+10
8.293666190779545593e+10
8.034074667626626587e+10
7.784233234103825378e+10
7.543728185502868652e+10
7.312164405282989502e+10
7.089164574475123596e+10
6.874368401627432251e+10
6.667431875117085266e+10
6.468026539157018280e+10
6.275838794394389343e+10
6.090569223653131866e+10
5.911931943080020142e+10
5.739653978719229126e+10
5.573474668340966034e+10
5.413145088199605560e+10
5.258427504266262054e+10
