0.000000000000000000e+00
6.569818400531196503e-31
1.762143475337907735e-07
6.371891868737066034e+00
2.781948531732107949e+04
3.488159176202075556e+06
7.646358306691616774e+07
6.301716184671809673e+08
2.850782036400680065e+09
8.713459990825994492e+09
2.035209262272542572e+10
3.924832689855934906e+10
6.575725486166778564e+10
9.910395702239352417e+10
1.376949795192362061e+11
1.795292913248495789e+11
2.225603707803286438e+11
2.649470692970482788e+11
3.051898026737463379e+11
3.421761812967573853e+11
3.751666833050656738e+11
4.037470936079741821e+11
4.277671974273453369e+11
4.472781804850884399e+11
4.624756763200650635e+11
4.736516009327989502e+11
4.811555492635010986e+11
4.853652073426098633e+11
4.866646058705422363e+11
4.854288360392849731e+11
4.820138798836566772e+11
4.767503550441610107e+11
4.699401650114376831e+11
4.618552401427572632e+11
4.527377316060918579e+11
4.428011715792138672e+11
4.322322369210214844e+11
4.211928520013497314e+11
4.098224427849054565e+11
3.982402123727276001e+11
3.865473516004191284e+11
3.748291301376895142e+11
3.631568364813704834e+11
3.515895514347467041e+11
3.401757508248390503e+11
3.289547406519588013e+11
3.179579326063388062e+11
3.072099706940903931e+11
2.967297211612202759e+11
2.865311384156943970e+11
2.766240195326668091e+11
2.670146594112733459e+11
2.577064178935078125e+11
2.487002092672862854e+11
2.399949236358055420e+11
2.315877886940473633e+11
2.234746795452735291e+11
2.156503833353245544e+11
2.081088246920840454e+11
2.008432572367366638e+11
1.938464257824566956e+11
1.871107032539066772e+11
1.806282058428584900e+11
1.743908894569607544e+11
1.683906301153191833e+11
1.626192905903553162e+11
1.570687752856823425e+11
1.517310750694679565e+11
1.465983035473430176e+11
1.416627260543334351e+11
1.369167824677736053e+11
1.323531047892646942e+11
1.279645303104995270e+11
1.237441110626358337e+11
1.196851201492706299e+11
1.157810554772069855e+11
1.120256413249664307e+11
1.084128281251685486e+11
1.049367907816740875e+11
1.015919257951496582e+11
9.837284742967568970e+10
9.527438311809663391e+10
9.229156827351664734e+10
8.941964064848185730e+10
8.665403436115252686e+10
8.399037368860658264e+10
8.142446671125228882e+10
7.895229887807830811e+10
7.657002655073379517e+10
7.427397057409129333e+10
7.206060991221148682e+10
6.992657538130099487e+10
6.786864350482709503e+10
6.588373051067687988e+10
6.396888648567729187e+10
6.212128969897889709e+10
6.033824110255845642e+10
5.861715901443376160e+10
5.695557398786518097e+10
5.535112386801974487e+10
