0.000000000000000000e+00
2.919401123154204205e-32
3.809934257139703004e-08
2.342884608076511999e+00
1.334926869029069894e+04
1.964265604473976418e+06
4.791257889370166510e+07
4.262133785314006805e+08
2.041914550189577103e+09
6.526099501478402138e+09
1.579785586832515907e+10
3.137073311979236221e+10
5.385814914136743927e+10
8.286637003026858521e+10
1.171944678187309265e+11
1.551680814512804565e+11
1.949665259876320801e+11
2.348710036073080750e+11
2.734165391709191895e+11
3.094604133663323364e+11
3.421905836943696289e+11
3.710972991290722046e+11
3.959262651337965088e+11
4.166259942713890991e+11
4.332970453407282104e+11
4.461472017808880615e+11
4.554542062453800049e+11
4.615361942224707031e+11
4.647291734556948853e+11
4.653705409093460693e+11
4.637875397383185425e+11
4.602896154406300049e+11
4.551637565499432983e+11
4.486720549329934082e+11
4.410508684435382690e+11
4.325111016654101562e+11
4.232392337650142822e+11
4.133988154059488525e+11
4.031322308046714478e+11
3.925625788295650635e+11
3.817955713068969116e+11
3.709213800026909790e+11
3.600163883991366577e+11
3.491448223158911133e+11
3.383602462235227051e+11
3.277069210220851440e+11
3.172210251010922852e+11
3.069317444248582153e+11
2.968622397820518799e+11
2.870305006409061890e+11
2.774500955918689575e+11
2.681308293801470337e+11
2.590793162093393555e+11
2.502994784637772827e+11
2.417929793411630859e+11
2.335595971743566284e+11
2.255975484944274902e+11
2.179037661760116577e+11
2.104741383290001221e+11
2.033037129686768188e+11
1.963868729148364258e+11
1.897174848416032104e+11
1.832890259228757324e+11
1.770946910912424011e+11
1.711274835483316956e+11
1.653802908277086792e+11
1.598459484144107056e+11
1.545172926636190491e+11
1.493872045317141113e+11
1.444486454321501465e+11
1.396946863531734924e+11
1.351185312213695526e+11
1.307135353618713989e+11
1.264732197900898132e+11
1.223912819690254517e+11
1.184616035789426422e+11
1.146782557701468353e+11
1.110355023039883270e+11
1.075278009301749573e+11
1.041498032992401581e+11
1.008963536662857056e+11
9.776248660532373047e+10
9.474342392157800293e+10
9.183457092170187378e+10
8.903151217796928406e+10
8.633000690213926697e+10
8.372598402695748901e+10
8.121553707805467224e+10
7.879491890593495178e+10
7.646053633646260071e+10
7.420894478857470703e+10
7.203684289968200684e+10
6.994106719208955383e+10
6.791858680765081787e+10
6.596649833271375275e+10
6.408202073094348145e+10
6.226249039784783936e+10
6.050535634759635162e+10
5.880817554004818726e+10
5.716860835354905701e+10
