0.000000000000000000e+00
1.068571379592952048e-32
2.323138846078942655e-08
1.695486277441673462e+00
1.052682691347597756e+04
1.631010172926363302e+06
4.117842040343605727e+07
3.754458625242635608e+08
1.832276212813815117e+09
5.941019954813166618e+09
1.454833234993430901e+10
2.916356452171207809e+10
5.046468981693984985e+10
7.816471699439807129e+10
1.111792401628169403e+11
1.479357152568599854e+11
1.866879030239644470e+11
2.257612885665034180e+11
2.637083451182348633e+11
2.993830459081670532e+11
3.319558397023024902e+11
3.608910644999031372e+11
3.859046673339812622e+11
4.069148159283811035e+11
4.239932706050484009e+11
4.373218077411901245e+11
4.471555518261638184e+11
4.537935647930019531e+11
4.575562006657889404e+11
4.587683358489371338e+11
4.577474601536042480e+11
4.547956423851865845e+11
4.501944898608519897e+11
4.442023563876593628e+11
4.370531910769830322e+11
4.289565469787826538e+11
4.200983778942395020e+11
4.106423424330285645e+11
4.007314074023272705e+11
3.904896000470710449e+11
3.800238029656245728e+11
3.694255191195822144e+11
3.587725594171553345e+11
3.481306237375302124e+11
3.375547595133756714e+11
3.270906913383718872e+11
3.167760214921711426e+11
3.066413055372832031e+11
2.967110098248687134e+11
2.870043592930198364e+11
2.775360846851210327e+11
2.683170785056544495e+11
2.593549688489295044e+11
2.506546198159018860e+11
2.422185666709994202e+11
2.340473932522779541e+11
2.261400584818816223e+11
2.184941781602920532e+11
2.111062675894282532e+11
2.039719499676098633e+11
1.970861349419877930e+11
1.904431711938506165e+11
1.840369764696728821e+11
1.778611480554944153e+11
1.719090563203445740e+11
1.661739236245706482e+11
1.606488905964025269e+11
1.553270715224055481e+11
1.502016003704481201e+11
1.452656687650244751e+11
1.405125570603488464e+11
1.359356595044266205e+11
1.315285043543356781e+11
1.272847696871887970e+11
1.231982955503059235e+11
1.192630930064363861e+11
1.154733505537391663e+11
1.118234383339036255e+11
1.083079104845517273e+11
1.049215059420949554e+11
1.016591479582489166e+11
9.851594255591650391e+10
9.548717611789468384e+10
9.256831227383451843e+10
8.975498822672975159e+10
8.704301063929003906e+10
8.442835118251803589e+10
8.190714183325495911e+10
7.947566999399497986e+10
7.713037349671334839e+10
7.486783554254325867e+10
7.268477962046815491e+10
7.057806444096611023e+10
6.854467891409510803e+10
6.658173719624523163e+10
6.468647382501100159e+10
6.285623895781512451e+10
6.108849372644905090e+10
5.938080571690242004e+10
5.773084458140160370e+10
