0.000000000000000000e+00
2.496539574647833770e-16
2.245210710057063075e+00
2.516622374719450891e+05
6.066603733262930810e+07
1.333634337676866770e+09
9.142654667471441269e+09
3.281273510419652176e+10
7.951794825420989990e+10
1.494958200636577759e+11
2.366128356960820923e+11
3.317877980691816406e+11
4.261763471363018799e+11
5.129344734961589355e+11
5.877090565139311523e+11
6.483869821687681885e+11
6.945531579089300537e+11
7.269231848929556885e+11
7.468690321365441895e+11
7.560691537742924805e+11
7.562733297073680420e+11
7.491581259817674561e+11
7.362476139741114502e+11
7.188779403184520264e+11
6.981895409072067871e+11
6.751355515946583252e+11
6.504987458564892578e+11
6.249121003869554443e+11
5.988800171716756592e+11
5.727985176401407471e+11
5.469735528204236450e+11
5.216370863556341553e+11
4.969609102650925293e+11
4.730683206318969116e+11
4.500438625056134644e+11
4.279413837656047974e+11
4.067906382500353394e+11
3.866026629008593140e+11
3.673741305102503662e+11
3.490908539525673828e+11
3.317305924333668823e+11
3.152652868011725464e+11
2.996628300332716675e+11
2.848884608189979858e+11
2.709058526430177307e+11
2.576779576975758667e+11
2.451676540469862061e+11
2.333382354367631226e+11
2.221537757042226562e+11
2.115793936518745117e+11
2.015814392660031738e+11
1.921276181068184204e+11
1.831870674003971558e+11
1.747303946887355347e+11
1.667296877286881714e+11
1.591585025794235229e+11
1.519918354034625244e+11
1.452060823655395813e+11
1.387789910942800598e+11
1.326896064322036896e+11
1.269182126054090576e+11
1.214462734677906036e+11
1.162563720931349640e+11
1.113321506836976471e+11
1.066582515210875549e+11
1.022202594924301758e+11
9.800464657218586731e+10
9.399871851983876038e+10
9.019056395946865845e+10
8.656900593403631592e+10
8.312355597067959595e+10
7.984437065027822876e+10
7.672221064211535645e+10
7.374840214061767578e+10
7.091480062397917175e+10
6.821375684266753387e+10
6.563808493815586090e+10
6.318103258780481720e+10
6.083625306996353149e+10
5.859777914336771393e+10
5.645999863642182922e+10
5.441763164448952484e+10
5.246570923668306732e+10
5.059955357747042084e+10
4.881475937269259644e+10
4.710717655397711182e+10
4.547289412007346344e+10
4.390822505817460632e+10
4.240969227275902557e+10
4.097401545385689545e+10
3.959809882089342499e+10
3.827901968229619598e+10
3.701401775498197174e+10
3.580048519149096680e+10
3.463595726607024384e+10
3.351810367428800964e+10
3.244472040388864136e+10
3.141372213749967575e+10
3.042313515055875015e+10
2.947109067036985016e+10
