0.000000000000000000e+00
6.723213726265412452e-27
1.636698923667452164e-05
1.221361073835300601e+02
2.417019943410287960e+05
1.883550309448498487e+07
3.005730610501009226e+08
1.974016727016465425e+09
7.530521697838570595e+09
2.015645581857671356e+10
4.233292287070745087e+10
7.483306075199085999e+10
1.165984579398136444e+11
1.652524495127379456e+11
2.178128635446185608e+11
2.713029293077611389e+11
3.231463729930769043e+11
3.713537613497734985e+11
4.145562444761359253e+11
4.519481973417881470e+11
4.831873186980714722e+11
5.082841963968983154e+11
5.274994166520944824e+11
5.412565420064777832e+11
5.500732757924371338e+11
5.545098665848520508e+11
5.551323216311123047e+11
5.524875607362081299e+11
5.470877581770094604e+11
5.394014854512948608e+11
5.298497085857548828e+11
5.188051204368079224e+11
5.065936608220026245e+11
4.934973830363812256e+11
4.797580661081336670e+11
4.655811560642236938e+11
4.511397564900133667e+11
4.365784885318726807e+11
4.220171117729213257e+11
4.075538471950427856e+11
3.932683773543074951e+11
3.792245212950338135e+11
3.654725959051021729e+11
3.520514838227471313e+11
3.389904324408410645e+11
3.263106103197044678e+11
3.140264473421736450e+11
3.021467838801722412e+11
2.906758525438053589e+11
2.796141140620184326e+11
2.689589667039191895e+11
2.587053465243300476e+11
2.488462336890468445e+11
2.393730782501586609e+11
2.302761570234166565e+11
2.215448716752057800e+11
2.131679967533229675e+11
2.051338851852241516e+11
1.974306377068967285e+11
1.900462417622292480e+11
1.829686846114817200e+11
1.761860446954769592e+11
1.696865647056237793e+11
1.634587092972414856e+11
1.574912099440637207e+11
1.517730990550933228e+11
1.462937351532103882e+11
1.410428206400214233e+11
1.360104134367765656e+11
1.311869335916156006e+11
1.265631657730210876e+11
1.221302584247621460e+11
1.178797202345004272e+11
1.138034144637213898e+11
1.098935515979001312e+11
1.061426807005893402e+11
1.025436797912535095e+11
9.908974551274406433e+10
9.577438230847572327e+10
9.259139129084277344e+10
8.953485894970716858e+10
8.659914582229589844e+10
8.377887522270278931e+10
8.106892210964360046e+10
7.846440215485746765e+10
7.596066106075656128e+10
7.355326416456379700e+10
7.123798635661393738e+10
6.901080233258467102e+10
6.686787719291088867e+10
6.480555739720495605e+10
6.282036207714648438e+10
6.090897470769289398e+10
5.906823513357490540e+10
5.729513194575501251e+10
5.558679520068910980e+10
5.394048947382789612e+10
5.235360723775827789e+10
5.082366255455802155e+10
4.934828507143797302e+10
