0.000000000000000000e+00
3.218900178002591455e-13
6.124149536643315628e+01
1.881784855541172903e+06
2.370638011968486905e+08
3.528127142858050823e+09
1.864127241158875656e+10
5.553384125618653870e+10
1.170176184658183441e+11
1.973075791123175354e+11
2.862324758206759033e+11
3.737537182188863525e+11
4.524087616900813599e+11
5.178563420906181641e+11
5.684053785240841064e+11
6.042249104517227783e+11
6.265996594393391113e+11
6.373615102151636963e+11
6.385076717383416748e+11
6.319706428864390869e+11
6.194963749856937256e+11
6.025929410859433594e+11
5.825216711974729004e+11
5.603116474148845215e+11
5.367853572259843750e+11
5.125881594784327393e+11
4.882174290318295288e+11
4.640492698475877075e+11
4.403619047762846680e+11
4.173555469036959229e+11
3.951689279278197632e+11
3.738928331983044434e+11
3.535810535704086914e+11
3.342591625412753296e+11
3.159314942856132202e+11
2.985866523147719727e+11
2.822018296787215576e+11
2.667461752139781494e+11
2.521833987672701721e+11
2.384737724350170288e+11
2.255756546205919189e+11
2.134466386627765503e+11
2.020444072897184753e+11
1.913273575268292847e+11
1.812550472926591492e+11
1.717885041812012024e+11
1.628904283584356384e+11
1.545253146801250916e+11
1.466595137231448059e+11
1.392612471331845398e+11
1.323005892995682373e+11
1.257494246899342499e+11
1.195813880664004364e+11
1.137717931433099213e+11
1.082975539410353851e+11
1.031371020663195038e+11
9.827030234817732239e+10
9.367836863273263550e+10
8.934378105329692078e+10
8.525020571435168457e+10
8.138241743644564819e+10
7.772622598514436340e+10
7.426840603641166687e+10
7.099663100177561951e+10
6.789941074018944550e+10
6.496603311248982239e+10
6.218650928316925812e+10
5.955152263825759125e+10
5.705238116403388977e+10
5.468097311623585510e+10
5.242972580125024414e+10
5.029156728774143219e+10
4.825989086797543335e+10
4.632852209169728851e+10
4.449168820098931885e+10
4.274398980147007751e+10
4.108037461300546265e+10
3.949611315142223358e+10
3.798677620128121185e+10
3.654821394833421326e+10
3.517653664877620697e+10
3.386809672060680008e+10
3.261947215036236954e+10
3.142745111601869583e+10
3.028901773405578995e+10
2.920133884542854691e+10
2.816175176154768753e+10
2.716775289732321167e+10
2.621698722386821365e+10
2.530723847862857437e+10
2.443642007549818802e+10
2.360256666192525482e+10
2.280382627413241577e+10
2.203845304538082504e+10
2.130480042571646881e+10
2.060131487488770676e+10
1.992652999310527039e+10
1.927906105708181000e+10
1.865759993131568146e+10
1.806091032692983246e+10
