0.000000000000000000e+00
8.973344228071776200e-26
5.820269466711915248e-05
2.786363825393589195e+02
4.413758574773751316e+05
3.008861109336614609e+07
4.391225607275134325e+08
2.705495467549657345e+09
9.837695124939149857e+09
2.536683477504791260e+10
5.170644226604703522e+10
8.919194882011488342e+10
1.361620666659295654e+11
1.896715567864991150e+11
2.463195455191579285e+11
3.028924644632813110e+11
3.567385707855287476e+11
4.059116807223562012e+11
4.491601749155718384e+11
4.858323965336754761e+11
5.157498396876639404e+11
5.390794613265301514e+11
5.562211632585501709e+11
5.677165467741617432e+11
5.741793515299965820e+11
5.762451878822866211e+11
5.745371255265167236e+11
5.696436168449464111e+11
5.621056085844934082e+11
5.524102387117825928e+11
5.409890717763876953e+11
5.282193236827076416e+11
5.144269396706901855e+11
4.998907158183778076e+11
4.848469037659541626e+11
4.694939236968807373e+11
4.539969451470276489e+11
4.384921907398996582e+11
4.230908842536749268e+11
4.078828092848748169e+11
3.929394741711401978e+11
3.783168972773983765e+11
3.640580375670224609e+11
3.501949009962330322e+11
3.367503554260809326e+11
3.237396866726116943e+11
3.111719268723183594e+11
2.990509841151394653e+11
2.873765996895640259e+11
2.761451565530822754e+11
2.653503599527900085e+11
2.549838085738054504e+11
2.450354722430870667e+11
2.354940900872453003e+11
2.263475011414383240e+11
2.175829177257644348e+11
2.091871504321880493e+11
2.011467922818926392e+11
1.934483685014146729e+11
1.860784574067998047e+11
1.790237870606267090e+11
1.722713116600017395e+11
1.658082710091136169e+11
1.596222359140380554e+11
1.537011418979337769e+11
1.480333132605804443e+11
1.426074791884441223e+11
1.374127833514304047e+11
1.324387881937075500e+11
1.276754749319468079e+11
1.231132401100913086e+11
1.187428894208383484e+11
1.145556293865181885e+11
1.105430573928240356e+11
1.066971504850907745e+11
1.030102532661292877e+11
9.947506517516554260e+10
9.608462737727372742e+10
9.283230945059489441e+10
8.971179602326300049e+10
8.671707348227423096e+10
8.384241685177357483e+10
8.108237691743901062e+10
7.843176765638771057e+10
7.588565401763598633e+10
7.343934008630403137e+10
7.108835765480857849e+10
6.882845521630825806e+10
6.665558738897846222e+10
6.456590477434487915e+10
6.255574424853715515e+10
6.062161968187001801e+10
5.876021307940090942e+10
5.696836613296309662e+10
5.524307217355927277e+10
5.358146851175077057e+10
5.198082915286408997e+10
5.043855787316999054e+10
4.895218164293980408e+10
4.751934438203459167e+10
