0.000000000000000000e+00
3.464195334768547289e-25
1.126968124549438771e-04
4.279839971432002699e+02
6.036216868652990088e+05
3.837457963629426062e+07
5.345510226181164384e+08
3.185495325245239735e+09
1.129682719196548843e+10
2.856724591369117737e+10
5.732858724168911743e+10
9.763458291228627014e+10
1.474710732751659851e+11
2.035800570040805664e+11
2.623449461527158508e+11
3.204429580741649780e+11
3.752020557509906616e+11
4.247176732429418335e+11
4.678157466961741333e+11
5.039376553798946533e+11
5.329993365967955322e+11
5.552550692071479492e+11
5.711805932959329834e+11
5.813803269289771729e+11
5.865180093889927979e+11
5.872675958805716553e+11
5.842804417453189697e+11
5.781649281309008789e+11
5.694751961181934814e+11
5.587062921332419434e+11
5.462936418124851074e+11
5.326153009310242920e+11
5.179958630250388794e+11
5.027112381061767578e+11
4.869937686369688721e+11
4.710373333947425537e+11
4.550022218835623169e+11
4.390196543377143555e+11
4.231958854454005127e+11
4.076158717754614868e+11
3.923465096340488281e+11
3.774394662592827759e+11
3.629336361996537476e+11
3.488572588057221069e+11
3.352297336869152832e+11
3.220631699310160522e+11
3.093637026674530029e+11
2.971326077272566528e+11
2.853672420768034058e+11
2.740618346108107300e+11
2.632081489261406250e+11
2.527960369419041138e+11
2.428138997236373291e+11
2.332490696231639709e+11
2.240881258573683167e+11
2.153171539052194824e+11
2.069219575838218689e+11
1.988882313492349854e+11
1.912016992346723633e+11
1.838482258655410767e+11
1.768139041579562988e+11
1.700851235960708008e+11
1.636486223777316589e+11
1.574915262025808716e+11
1.516013760390755310e+11
1.459661468357334290e+11
1.405742588274610596e+11
1.354145828216275635e+11
1.304764406236604309e+11
1.257496015716373901e+11
1.212242759889611053e+11
1.168911062288132019e+11
1.127411558699091339e+11
1.087658975270598297e+11
1.049571996590790253e+11
1.013073126887268219e+11
9.780885469217805481e+10
9.445479686770726013e+10
9.123844895313682556e+10
8.815344472807911682e+10
8.519372770898300171e+10
8.235353712164785767e+10
7.962739421652740479e+10
7.701008897597758484e+10
7.449666724938342285e+10
7.208241834114308167e+10
6.976286306746609497e+10
6.753374229071534729e+10
6.539100593402227020e+10
6.333080247417637634e+10
6.134946890699320984e+10
5.944352117639830780e+10
5.760964505612078094e+10
5.584468747119006348e+10
5.414564824510167694e+10
5.250967225765778351e+10
5.093404199787715149e+10
4.941617049602219391e+10
4.795359461872180939e+10
4.654396871113805389e+10
