0.000000000000000000e+00
2.110684765974010651e-29
1.811433555265706976e-07
2.069708143210537088e+00
5.073227868429458795e+03
4.497483957820277428e+05
7.823773961427629925e+06
5.466301000109565258e+07
2.184795918870726228e+08
6.064768098101676702e+08
1.311557502680060387e+09
2.374921706466729641e+09
3.775678712013942719e+09
5.443591401865880013e+09
7.281545608561303139e+09
9.186879969253641129e+09
1.106650707765063477e+10
1.284512344135824966e+10
1.446791277843274689e+10
1.589966945370957756e+10
1.712201952460886765e+10
1.812993098514677048e+10
1.892824271070798874e+10
1.952859244103889465e+10
1.994689406844699478e+10
2.020137933311879349e+10
2.031114955627910614e+10
2.029515472849317169e+10
2.017151245530318069e+10
1.995708640289525986e+10
1.966725599833663177e+10
1.931582231412942505e+10
1.891500733101895142e+10
1.847551429330586243e+10
1.800662544406027222e+10
1.751632016688831711e+10
1.701140171454627037e+10
1.649762455695620728e+10
1.597981720256492996e+10
1.546199737291450691e+10
1.494747783503720474e+10
1.443896217459510040e+10
1.393863044470475960e+10
1.344821504260676193e+10
1.296906741729496384e+10
1.250221634658263588e+10
1.204841857881096077e+10
1.160820263916004753e+10
1.118190657226140404e+10
1.076971034484538269e+10
1.037166357366409683e+10
9.987709181114648819e+09
9.617703517918645859e+09
9.261433431468259811e+09
8.918630701541778564e+09
8.588984212833751678e+09
8.272150186450675964e+09
7.967760750200929642e+09
7.675431089963191032e+09
7.394765391340766907e+09
7.125361751830371857e+09
6.866816218460730553e+09
6.618726083894736290e+09
6.380692554965061188e+09
6.152322891175409317e+09
5.933232096525082588e+09
5.723044235817413330e+09
5.521393436128820419e+09
5.327924625118651390e+09
5.142294050147399902e+09
4.964169615565401077e+09
4.793231069882730484e+09
4.629170069698526382e+09
4.471690143139492989e+09
4.320506572033300400e+09
4.175346209034829140e+09
4.035947243360009670e+09
3.902058926597313404e+09
3.773441268207350731e+09
3.649864708738733292e+09
3.531109777444127560e+09
3.416966739837237835e+09
3.307235239764144421e+09
3.201723939739863396e+09
3.100250162607491970e+09
3.002639536989354134e+09
2.908725648504885674e+09
2.818349698312675476e+09
2.731360170183769703e+09
2.647612507020405293e+09
2.566968797488100052e+09
2.489297473226286888e+09
2.414473016932165146e+09
2.342375681473938942e+09
2.272891220074403763e+09
2.205910627513215542e+09
2.141329892220538139e+09
2.079049759075018644e+09
2.018975502671552658e+09
1.961016710787942171e+09
