0.000000000000000000e+00
2.413757138871764791e-26
3.060733292137448290e-05
1.834989535797446933e+02
3.253873292759699398e+05
2.373804201499532908e+07
3.624845905450543761e+08
2.306805976114037991e+09
8.594381245151914597e+09
2.258432509745243835e+10
4.673773217727085876e+10
8.162794642149742126e+10
1.259112987792773132e+11
1.769362600857677002e+11
2.315139329315686035e+11
2.865468299314760132e+11
3.394158799330765381e+11
3.881472451430990601e+11
4.314248547376994019e+11
4.685150405010244141e+11
4.991534117365699463e+11
5.234257920771724243e+11
5.416603936729707642e+11
5.543385160257165527e+11
5.620251766640500488e+11
5.653180262716114502e+11
5.648116224402105713e+11
5.610738679877593994e+11
5.546316618763073730e+11
5.459632636076649170e+11
5.354953704733329468e+11
5.236033695451781006e+11
5.106136195383216553e+11
4.968069344207911377e+11
4.824226863124011230e+11
4.676631303278588257e+11
4.526976901852919312e+11
4.376670414033035278e+11
4.226868979366689453e+11
4.078514555952318115e+11
3.932364773734752197e+11
3.789020263300935059e+11
3.648948642193952637e+11
3.512505411338997803e+11
3.379952047451112061e+11
3.251471585955629883e+11
3.127181981987199707e+11
3.007147520671755981e+11
2.891388526411043091e+11
2.779889597153477783e+11
2.672606565494516296e+11
2.569472365091162109e+11
2.470401958971416626e+11
2.375296466239078064e+11
2.284046605561184387e+11
2.196535557684986572e+11
2.112641334984146118e+11
2.032238733552218323e+11
1.955200932489274597e+11
1.881400795603768005e+11
1.810711922613635559e+11
1.743009489928795776e+11
1.678170915082965698e+11
1.616076373734661560e+11
1.556609193754025879e+11
1.499656147153535461e+11
1.445107657418244934e+11
1.392857937061741638e+11
1.342805067915122528e+11
1.294851034683405457e+11
1.248901720630038910e+11
1.204866872828938904e+11
1.162660043219717255e+11
1.122198510680773926e+11
1.083403188471145020e+11
1.046198520661713409e+11
1.010512370558267822e+11
9.762759035978179932e+10
9.434234667591871643e+10
9.118924661589710999e+10
8.816232441908979797e+10
8.525589573058609009e+10
8.246454553087150574e+10
7.978311628644398499e+10
7.720669637523721313e+10
7.473060882787402344e+10
7.235040041512512207e+10
7.006183110313401794e+10
6.786086389066912079e+10
6.574365503670761108e+10
6.370654468177368927e+10
6.174604786248949432e+10
5.985884591566027069e+10
5.804177826563421631e+10
5.629183458677359009e+10
5.460614733128786469e+10
5.298198461157261658e+10
5.141674342535874939e+10
4.990794321142634583e+10
4.845321972324958038e+10
