0.000000000000000000e+00
1.027051184940011817e-19
5.228495152112837968e-02
2.271295682113663497e+04
1.080031457747676224e+07
3.571793574483673573e+08
3.216173023170763493e+09
1.402830066324559402e+10
3.935729728234637451e+10
8.292888690437684631e+10
1.438010276420032654e+11
2.172905272473483276e+11
2.970452736015794067e+11
3.768613498537716064e+11
4.517379839757670898e+11
5.182399869633840942e+11
5.744217363211906738e+11
6.195459660949085693e+11
6.537508191829030762e+11
6.777456478790936279e+11
6.925671724090489502e+11
6.994004751527697754e+11
6.994568520684677734e+11
6.938964994811766357e+11
6.837841493259216309e+11
6.700676042792791748e+11
6.535713787730153809e+11
6.349997379206151123e+11
6.149451354441308594e+11
5.938993572435478516e+11
5.722656285273813477e+11
5.503706109673653564e+11
5.284756718111317139e+11
5.067871079624351807e+11
4.854652005328543091e+11
4.646320933993881226e+11
4.443785574576545410e+11
4.247697378211183472e+11
4.058499960795795288e+11
3.876469619308045044e+11
3.701749033625655518e+11
3.534375155447643433e+11
3.374302178788784180e+11
3.221420375808235474e+11
3.075571475214097290e+11
2.936561162312151489e+11
2.804169191822600708e+11
2.678157527350754395e+11
2.558276854538800659e+11
2.444271757669762268e+11
2.335884800866921082e+11
2.232859713996771545e+11
2.134943848927812195e+11
2.041890042985124512e+11
1.953458002421679077e+11
1.869415298761091919e+11
1.789538054300069885e+11
1.713611379342785950e+11
1.641429612396051025e+11
1.572796405189755859e+11
1.507524686661979980e+11
1.445436533683974304e+11
1.386362971063341064e+11
1.330143719056803131e+11
1.276626903087398834e+11
1.225668737460054626e+11
1.177133192491886902e+11
1.130891652528808136e+11
1.086822570731792297e+11
1.044811125219770813e+11
1.004748880103493347e+11
9.665334540882514954e+10
9.300681986322203064e+10
8.952618870885607910e+10
8.620284158124272156e+10
8.302865178552827454e+10
7.999594895859439087e+10
7.709749303539277649e+10
7.432644951364082336e+10
7.167636599759295654e+10
6.914114999145919800e+10
6.671504790548052979e+10
6.439262523230233765e+10
6.216874784758812714e+10
6.003856438645578766e+10
5.799748964612818146e+10
5.604118896474090576e+10
5.416556352655709839e+10
5.236673654459635162e+10
5.064104027288925934e+10
4.898500380197077942e+10
4.739534159293814850e+10
4.586894270716083527e+10
4.440286069064263916e+10
4.299430407393534851e+10
4.164062745048368835e+10
4.033932309817849731e+10
3.908801311082082367e+10
3.788444200802675629e+10
3.672646979392163086e+10
