0.000000000000000000e+00
5.714669480063938815e-34
5.491393666719013338e-09
6.599411408022308745e-01
5.261523168501403234e+03
9.474229880874936935e+05
2.644407424579506367e+07
2.590373254325051606e+08
1.334124528177066565e+09
4.511033471295722008e+09
1.142376207304802132e+10
2.353839319646246338e+10
4.167564510602863312e+10
6.581704605714837646e+10
9.518848347351873779e+10
1.285008108165143890e+11
1.642250175289399719e+11
2.008251472907747192e+11
2.369189081630810547e+11
2.713664928951505432e+11
3.033024057602720337e+11
3.321285322282833252e+11
3.574846268468208618e+11
3.792083985031461792e+11
3.972933356638878174e+11
4.118491184704739990e+11
4.230670826188027344e+11
4.311916312171579590e+11
4.364975473123021851e+11
4.392726543291706543e+11
4.398050512392118530e+11
4.383741012507611694e+11
4.352444001401366577e+11
4.306620433509169312e+11
4.248526195287474976e+11
4.180204651922767334e+11
4.103488121215558472e+11
4.020005422342799683e+11
3.931193336114259644e+11
3.838310368662920532e+11
3.742451648658382568e+11
3.644564127641270752e+11
3.545461511905933838e+11
3.445838548656411133e+11
3.346284432723357544e+11
3.247295204396469116e+11
3.149285083164663086e+11
3.052596733700253906e+11
2.957510495062365723e+11
2.864252626258980713e+11
2.773002634434804688e+11
2.683899758608140869e+11
2.597048684019413147e+11
2.512524561213617859e+11
2.430377401020809631e+11
2.350635912393007507e+11
2.273310845156312256e+11
2.198397894532768250e+11
2.125880219041754150e+11
2.055730618290671692e+11
1.987913412316207886e+11
1.922386059612457581e+11
1.859100546813771973e+11
1.798004579197929993e+11
1.739042597737873535e+11
1.682156645340181274e+11
1.627287102148802490e+11
1.574373307333980713e+11
1.523354082611411743e+11
1.474168170809603882e+11
1.426754601107998352e+11
1.381052991076327209e+11
1.337003794335395050e+11
1.294548501511100006e+11
1.253629801149031830e+11
1.214191706377975464e+11
1.176179652343299103e+11
1.139540568762193298e+11
1.104222931368279419e+11
1.070176795505429382e+11
1.037353814687287750e+11
1.005707246554164124e+11
9.751919483242527771e+10
9.457643635441893005e+10
9.173825016923603821e+10
8.900059119679431152e+10
8.635956524084350586e+10
8.381142553135327148e+10
8.135256898100189209e+10
7.897953222678388977e+10
7.668898751712234497e+10
7.447773849551208496e+10
7.234271592372195435e+10
7.028097338068035889e+10
6.828968296719921875e+10
6.636613104152074432e+10
6.450771400626009369e+10
6.271193416353606415e+10
6.097639565179684448e+10
5.929880047506010437e+10
