0.000000000000000000e+00
1.083674176118356818e-14
7.908919516903599067e+00
3.817195954964259290e+05
6.032052540720285475e+07
1.028898242198710561e+09
5.955165740429489136e+09
1.893764615438291550e+10
4.191145876952986145e+10
7.342399135022647095e+10
1.098315809657616119e+11
1.470624568692923584e+11
1.817793943569666138e+11
2.117984050955017090e+11
2.360312352914489441e+11
2.542281594356971436e+11
2.666911400972988586e+11
2.740332037654852295e+11
2.770041008969923096e+11
2.763766969433345947e+11
2.728801888615494995e+11
2.671659441715934448e+11
2.597943876294795532e+11
2.512345011658280640e+11
2.418702203142796631e+11
2.320100676496799011e+11
2.218978062796900635e+11
2.117228554904876404e+11
2.016298210862601013e+11
1.917268654082790833e+11
1.820928583788990173e+11
1.727833683145906982e+11
1.638356079566401367e+11
1.552724720334087524e+11
1.471058034118285828e+11
1.393390151982697449e+11
1.319691817957384796e+11
1.249886962420690308e+11
1.183865759492671814e+11
1.121494851275204926e+11
1.062625300618885345e+11
1.007098730681478882e+11
9.547520228175543213e+10
9.054208725328329468e+10
8.589424443398638916e+10
8.151573183848577881e+10
7.739108828615008545e+10
7.350542948871665955e+10
6.984451073204980469e+10
6.639476387961124420e+10
6.314331480874227905e+10
6.007798609988549042e+10
5.718728876948670197e+10
5.446040601771312714e+10
5.188717131049366760e+10
4.945804259802053833e+10
4.716407406175522614e+10
4.499688645744512177e+10
4.294863686535266113e+10
4.101198845694386292e+10
3.918008072859403229e+10
3.744650052858325195e+10
3.580525410671762848e+10
3.425074034066849136e+10
3.277772523509288025e+10
3.138131774515991974e+10
3.005694694245096207e+10
2.880034051599414825e+10
2.760750458265692902e+10
2.647470476779850006e+10
2.539844850781626892e+10
2.437546852012302017e+10
2.340270738240179825e+10
2.247730316117234039e+10
2.159657602927051544e+10
2.075801581247840881e+10
1.995927040692098236e+10
1.919813501078034210e+10
1.847254211618809128e+10
1.778055220969681931e+10
1.712034513241865158e+10
1.649021205366370010e+10
1.588854801465651131e+10
1.531384500161226463e+10
1.476468551009039879e+10
1.423973656507292175e+10
1.373774416364594841e+10
1.325752810946543121e+10
1.279797721036885643e+10
1.235804481255168343e+10
1.193674464665170670e+10
1.153314696289171028e+10
1.114637493411541748e+10
1.077560130712131691e+10
1.042004528415928268e+10
1.007896961781256676e+10
9.751677903744440079e+09
9.437512056955766678e+09
9.135849958279806137e+09
8.846103258838096619e+09
