0.000000000000000000e+00
3.478727698936535151e-48
5.065521137470909092e-16
1.563601693196218749e-05
2.013032745785007016e+00
1.929033131225575289e+03
1.643398118277112953e+05
3.575010283732058015e+06
3.351335980202357844e+07
1.806224459602354467e+08
6.643769206686410904e+08
1.858325804464322567e+09
4.245501471052410126e+09
8.320044552987593651e+09
1.448031214840948868e+10
2.295253883024134064e+10
3.376097640756814575e+10
4.674003307598654175e+10
6.157385188593225861e+10
7.784762103705197144e+10
9.509849936193681335e+10
1.128588761189187469e+11
1.306888584905910034e+11
1.481977484424468384e+11
1.650558834507980957e+11
1.809988892215291443e+11
1.958264718773784180e+11
2.093976390017236023e+11
2.216238716654154968e+11
2.324613853430025330e+11
2.419032740231432190e+11
2.499720516350926208e+11
2.567128911188764038e+11
2.621877071839705200e+11
2.664701233607553406e+11
2.696412962255978699e+11
2.717865297084387207e+11
2.729925919658102722e+11
2.733456400397651062e+11
2.729296586717380981e+11
2.718253257886654663e+11
2.701092259655282898e+11
2.678533430190878906e+11
2.651247727994777527e+11
2.619856066200143127e+11
2.584929442773134460e+11
2.546990031229121704e+11
2.506512961283505554e+11
2.463928573837654419e+11
2.419624980672424927e+11
2.373950797205815430e+11
2.327217947703513794e+11
2.279704467441760254e+11
2.231657246436726685e+11
2.183294675321181641e+11
2.134809166492702637e+11
2.086369533407536926e+11
2.038123218383703613e+11
1.990198364943379211e+11
1.942705734944748230e+11
1.895740473820181580e+11
1.849383729407429199e+11
1.803704131320133972e+11
1.758759138730903625e+11
1.714596264946565247e+11
1.671254187355350037e+11
1.628763751296110535e+11
1.587148876202319946e+11
1.546427372062908630e+11
1.506611673850160522e+11
1.467709501130592346e+11
1.429724449605940857e+11
1.392656520862842712e+11
1.356502596137073212e+11
1.321256859440335083e+11
1.286911174958466187e+11
1.253455423210287323e+11
1.220877800063208313e+11
1.189165082333114014e+11
1.158302863354388733e+11
1.128275761589736176e+11
1.099067605057651520e+11
1.070661594089453888e+11
1.043040444682738037e+11
1.016186514496096649e+11
9.900819133265989685e+10
9.647085997284307861e+10
9.400484652630950928e+10
9.160834077215852356e+10
8.927953945218832397e+10
8.701665173613890076e+10
8.481790390939050293e+10
8.268154336989958191e+10
8.060584201222856140e+10
7.858909906836927795e+10
7.662964346772015381e+10
7.472583577207113647e+10
7.287606973545277405e+10
7.107877353350601196e+10
6.933241070219410706e+10
