0.000000000000000000e+00
4.500589909851386269e-18
3.257577225327202286e-01
7.352764206310910231e+04
2.517820567916607484e+07
6.835323920089172125e+08
5.394892208828139305e+09
2.141492981882152939e+10
5.597593132705927277e+10
1.116222736483415222e+11
1.852017279640716553e+11
2.699203871048556519e+11
3.580467858995889282e+11
4.428263342067625122e+11
5.193477038799457397e+11
5.846466753673376465e+11
6.374112259046192627e+11
6.775527924485521240e+11
7.057908660638535156e+11
7.233132073222054443e+11
7.315254418060756836e+11
7.318810365702285156e+11
7.257748518893272705e+11
7.144830692003740234e+11
6.991349131629281006e+11
6.807049557794694824e+11
6.600179117486584473e+11
6.377603626867978516e+11
6.144957476086004639e+11
5.906803143394086914e+11
5.666786595627431641e+11
5.427781053937465820e+11
5.192015589940796509e+11
4.961187482660935669e+11
4.736558715280321045e+11
4.519037777353628540e+11
4.309248305728651123e+11
4.107586208891329346e+11
3.914266881810510864e+11
3.729364000380261230e+11
3.552841229337452393e+11
3.384578011188061523e+11
3.224390441307207642e+11
3.072048084059729614e+11
2.927287450224265137e+11
2.789822738274326782e+11
2.659354340728868713e+11
2.535575530602754211e+11
2.418177670351354675e+11
2.306854224912535400e+11
2.201303809847022705e+11
2.101232463636493530e+11
2.006355298552230835e+11
1.916397655969076843e+11
1.831095868541646118e+11
1.750197712416319885e+11
1.673462616890427246e+11
1.600661686037459717e+11
1.531577576283958435e+11
1.466004265329384766e+11
1.403746740794987488e+11
1.344620631284079895e+11
1.288451797898510132e+11
1.235075900490505981e+11
1.184337949874667816e+11
1.136091854753151550e+11
1.090199970110440369e+11
1.046532652223696136e+11
1.004967824141784821e+11
9.653905544486376953e+10
9.276926513001284790e+10
8.917722730661315918e+10
8.575335563909606934e+10
8.248862620783889771e+10
7.937454388917530823e+10
7.640311051163726807e+10
7.356679475484217834e+10
7.085850374374508667e+10
6.827155628119176483e+10
6.579965765488290405e+10
6.343687595043415070e+10
6.117761979974777222e+10
5.901661749283090210e+10
5.694889738132416534e+10
5.496976950297456360e+10
5.307480835794561768e+10
5.125983676992456818e+10
4.952091076751281738e+10
4.785430542402032471e+10
4.625650159663901520e+10
4.472417350887288666e+10
4.325417712303441620e+10
4.184353925249202728e+10
4.048944736622769928e+10
3.918924004102984619e+10
3.794039801929855347e+10
3.674053583304753113e+10
3.558739395710853577e+10
3.447883145690952301e+10
3.341281909839389801e+10
