0.000000000000000000e+00
1.724874223263990011e-48
3.575181970178812666e-16
1.242384937776147016e-05
1.697374710604897752e+00
1.685656682631441527e+03
1.470682790595789556e+05
3.254250074826595373e+06
3.089898294260834903e+07
1.681976418424840569e+08
6.236240239423478842e+08
1.755752182979084492e+09
4.033043946409386158e+09
7.940177236195417404e+09
1.387389879046473885e+10
2.206681613939630127e+10
3.255571283568547058e+10
4.519100530883542633e+10
5.967369764129428864e+10
7.560464675471000671e+10
9.253418674710597229e+10
1.100047725934220123e+11
1.275833760898850403e+11
1.448832160097720337e+11
1.615760411245555420e+11
1.773968976422982483e+11
1.921434312053582153e+11
2.056715678152197266e+11
2.178890744233175049e+11
2.287481313959396667e+11
2.382377148802218323e+11
2.463763118396121826e+11
2.532052786796249084e+11
2.587830002287692566e+11
2.631798995220673828e+11
2.664742797702064819e+11
2.687489384528331299e+11
2.700884716350193787e+11
2.705771780841536560e+11
2.702974728451532898e+11
2.693287252066324463e+11
2.677464440829727478e+11
2.656217431481383057e+11
2.630210275599401855e+11
2.600058531820119934e+11
2.566329175017649841e+11
2.529541487944418945e+11
2.490168664566264648e+11
2.448639908598269043e+11
2.405342856281676941e+11
2.360626190182747803e+11
2.314802341725978394e+11
2.268150205271022644e+11
2.220917806716459045e+11
2.173324885668183594e+11
2.125565362874624023e+11
2.077809674503403931e+11
2.030206962453815002e+11
1.982887115693961487e+11
1.935962661947725830e+11
1.889530512238776550e+11
1.843673563065915833e+11
1.798462162540823975e+11
1.753955447824715576e+11
1.710202561781471558e+11
1.667243757030757141e+11
1.625111395608642883e+11
1.583830852299032898e+11
1.543421329428308716e+11
1.503896590564508057e+11
1.465265620155673828e+11
1.427533215706464539e+11
1.390700518642912292e+11
1.354765489565137482e+11
1.319723333147613220e+11
1.285566877520880585e+11
1.252286912563248749e+11
1.219872491147661743e+11
1.188311197030011444e+11
1.157589382731216583e+11
1.127692380454919739e+11
1.098604688797685394e+11
1.070310137746237030e+11
1.042792034215254822e+11
1.016033290160618591e+11
9.900165351024545288e+10
9.647242147106491089e+10
9.401386769406069946e+10
9.162422470572276306e+10
8.930172927498896790e+10
8.704462804186012268e+10
8.485118236015217590e+10
8.271967244137351990e+10
8.064840087778379822e+10
7.863569561455320740e+10
7.667991243371141052e+10
7.477943700595957947e+10
7.293268656056918335e+10
7.113811121827549744e+10
6.939419502733483887e+10
