0.000000000000000000e+00
1.747449631242393732e-28
2.734495805176463391e-06
3.810278187492645685e+01
1.031287970790116524e+05
9.700950916833436117e+06
1.755306750547650158e+08
1.261174518656971216e+09
5.146915620663757324e+09
1.451932795000476456e+10
3.180362730946150970e+10
5.819027707061026764e+10
9.330936534762663269e+10
1.355013466286666870e+11
1.823634961670410767e+11
2.312926775909357910e+11
2.798841451529539185e+11
3.261584552611696777e+11
3.686462943227722168e+11
4.063779064507284546e+11
4.388196390973518677e+11
4.657887483220899048e+11
4.873661015599515991e+11
5.038174284159890747e+11
5.155276885275201416e+11
5.229494524278551636e+11
5.265642308227929077e+11
5.268548261153818359e+11
5.242865626325857544e+11
5.192953746430814209e+11
5.122810057296293335e+11
5.036038913766381226e+11
4.935846021755557861e+11
4.825049922665238647e+11
4.706104184914828491e+11
4.581125713346669312e+11
4.451925943468966675e+11
4.320042710539204102e+11
4.186771339483486938e+11
4.053194049512194214e+11
3.920207156477891235e+11
3.788545826388335571e+11
3.658806316308464355e+11
3.531465758186027222e+11
3.406899615053000488e+11
3.285396981097599487e+11
3.167173917206856689e+11
3.052385018954607544e+11
2.941133409833659058e+11
2.833479342463786011e+11
2.729447577106845703e+11
2.629033691826437378e+11
2.532209463216417236e+11
2.438927441536547241e+11
2.349124829799697876e+11
2.262726763113901062e+11
2.179649072514463196e+11
2.099800606661931763e+11
2.023085175100949097e+11
1.949403168209429321e+11
1.878652901440564880e+11
1.810731724868221741e+11
1.745536933307668152e+11
1.682966507294910583e+11
1.622919710890182495e+11
1.565297568537712708e+11
1.510003239994765625e+11
1.456942309572241821e+11
1.406023003544059143e+11
1.357156347536742249e+11
1.310256273955076752e+11
1.265239687993011627e+11
1.222026499491984558e+11
1.180539626804776764e+11
1.140704977880171204e+11
1.102451412977843933e+11
1.065710692734814758e+11
1.030417414717122040e+11
9.965089410900010681e+10
9.639253196129360962e+10
9.326091998023788452e+10
9.025057457960429382e+10
8.735625471900570679e+10
8.457295288967655945e+10
8.189588608823640442e+10
7.932048684829866028e+10
7.684239438624552917e+10
7.445744590611680603e+10
7.216166809881832886e+10
6.995126886290872192e+10
6.782262926729418182e+10
6.577229577061966705e+10
6.379697270736429596e+10
6.189351504672828674e+10
6.005892142723748016e+10
5.829032746728841400e+10
5.658499934973602295e+10
5.494032767691406250e+10
5.335382159104447937e+10
5.182310315397535706e+10
