0.000000000000000000e+00
5.733181273734293143e-28
4.897268279778661634e-06
5.569236349149560539e+01
1.361366515217963897e+05
1.204525737167955562e+07
2.092193612735768557e+08
1.459918439619859457e+09
5.828659423076526642e+09
1.616393192126860809e+10
3.492484549562811279e+10
6.318902762108656311e+10
1.003824237717394714e+11
1.446236502293239746e+11
1.933242426706361389e+11
2.437559160590753479e+11
2.934510468098754272e+11
3.404187550259220581e+11
3.832146554652637329e+11
4.209158661241583862e+11
4.530459717668275757e+11
4.794815759955810547e+11
5.003597305738536987e+11
5.159962387677609863e+11
5.268187280149647217e+11
5.333148169489385986e+11
5.359938777005015869e+11
5.353601606609711914e+11
5.318949351934199219e+11
5.260454996497183838e+11
5.182192426490743408e+11
5.087812918926967163e+11
4.980546151031586304e+11
4.863217184454680786e+11
4.738273160427123413e+11
4.607815232597749634e+11
4.473632630988839722e+11
4.337236770183192749e+11
4.199894060203541260e+11
4.062656612626403809e+11
3.926390409151755371e+11
3.791800756378314819e+11
3.659455020855167236e+11
3.529802746898450928e+11
3.403193324330981445e+11
3.279891407642286987e+11
3.160090301834592896e+11
3.043923530452208862e+11
2.931474792968991089e+11
2.822786505337542725e+11
2.717867101476544495e+11
2.616697256414046326e+11
2.519235174770527649e+11
2.425421071921174011e+11
2.335180959906617737e+11
2.248429836171588745e+11
2.165074360571239624e+11
2.085015094793054504e+11
2.008148368337301941e+11
1.934367826396040649e+11
1.863565707265837708e+11
1.795633890217212219e+11
1.730464748916822510e+11
1.667951840453256226e+11
1.607990455664538879e+11
1.550478052713085632e+11
1.495314592627288513e+11
1.442402792759320984e+11
1.391648311731634521e+11
1.342959877410073700e+11
1.296249367699338226e+11
1.251431852467123413e+11
1.208425603630624542e+11
1.167152079353465118e+11
1.127535887372874908e+11
1.089504731688682709e+11
1.052989346170930786e+11
1.017923418070527954e+11
9.842435039302568054e+10
9.518889399777926636e+10
9.208017487321339417e+10
8.909265432547274780e+10
8.622104302243524170e+10
8.346029128004040527e+10
8.080557940580140686e+10
7.825230816257447815e+10
7.579608940274884033e+10
7.343273691224348450e+10
7.115825749456692505e+10
6.896884231761666870e+10
6.686085853955224609e+10
6.483084122482824707e+10
6.287548555710800171e+10
6.099163935217680359e+10
5.917629587109726715e+10
5.742658693141540527e+10
5.573977631234850311e+10
5.411325344839163971e+10
5.254452740452508545e+10
5.103122112537049103e+10
