0.000000000000000000e+00
0.000000000000000000e+00
8.360975290484720390e-169
1.639106053359744213e-108
1.786142829431945538e-78
1.546271114241238139e-60
1.219292389064183502e-48
3.461402976423499316e-40
7.018699514810223985e-34
5.333969509496665222e-29
4.100083765202578484e-25
5.987123851897247474e-22
2.525404925700055895e-19
4.109389181361523365e-17
3.169929130541966747e-15
1.347712082479181817e-13
3.534949707283260495e-12
6.233979837229839466e-11
7.902075422740883578e-10
7.588631425812739408e-09
5.758203705213785668e-08
3.571661803917962292e-07
1.861979438215889296e-06
8.347466405421896223e-06
3.280177802738952329e-05
1.148045162909966702e-04
3.627611330827280704e-04
1.046860891659070515e-03
2.786451775609676430e-03
6.899252655851868289e-03
1.600807647034681661e-02
3.503050668694249886e-02
7.270384195202879429e-02
1.438164385780996424e-01
2.723223385666097007e-01
4.955048932889405955e-01
8.693249948397524518e-01
1.475040846345030188e+00
2.427121617710208401e+00
3.882401501723307558e+00
6.050339604760356593e+00
9.204171338569944183e+00
1.369266487580142311e+01
1.995213726999038428e+01
2.851834314816485261e+01
4.003782697568265547e+01
5.527832861514092144e+01
7.513785055312393979e+01
1.006520317487253777e+02
1.329995245878955643e+02
1.735051343043840859e+02
2.236405505639316686e+02
2.850225748331287150e+02
3.594088210596647741e+02
4.486909379097289161e+02
5.548854657315033592e+02
6.801224985449023279e+02
8.266323693214642390e+02
9.967306148269910864e+02
1.192801504094494021e+03
1.417280432367434969e+03
1.672635490659158449e+03
1.961348520745860014e+03
2.285895957471320344e+03
2.648729745832690242e+03
3.052258600626744737e+03
3.498829852650722387e+03
3.990712098705546396e+03
4.530078843997077456e+03
5.118993295921920435e+03
5.759394438491499386e+03
6.453084487498146700e+03
7.201717798542983473e+03
8.006791273690740127e+03
8.869636288137178781e+03
9.791412136120718060e+03
1.077310097553050582e+04
1.181550423333637627e+04
1.291924041909708649e+04
1.408474428134228947e+04
1.531226723147912526e+04
1.660187895191584175e+04
1.795347009917263131e+04
1.936675600868794209e+04
2.084128130565390529e+04
2.237642532533597114e+04
2.397140824676724151e+04
2.562529784527972515e+04
2.733701677186567031e+04
2.910535027069314310e+04
3.092895425007700032e+04
3.280636362669274240e+04
3.473600086768436449e+04
3.671618466045213427e+04
3.874513864520593052e+04
4.082100015074668772e+04
4.294182887932294398e+04
4.510561549172040395e+04
4.731029004895466642e+04
4.955373027196508338e+04
