0.000000000000000000e+00
4.096361296209197713e-42
5.196898365607954713e-13
1.508072123322384047e-03
5.934064118441731495e+01
2.789137782037143552e+04
1.477019767509877682e+06
2.287125760072500259e+07
1.661170960436222851e+08
7.340232526755714417e+08
2.302999265939076424e+09
5.655310730023791313e+09
1.159066723217140961e+10
2.071932211481787491e+10
3.332560451202992249e+10
4.933182297210731506e+10
6.834451001158026886e+10
8.974610880688995361e+10
1.127979211089506226e+11
1.367317368728184509e+11
1.608194553527727661e+11
1.844186126005999146e+11
2.069966121224288330e+11
2.281384718993025513e+11
2.475431396024387207e+11
2.650127670514424133e+11
2.804383509333718872e+11
2.937841609892357178e+11
3.050725369787316284e+11
3.143699866395725098e+11
3.217750505549754028e+11
3.274080861617722168e+11
3.314029266192466431e+11
3.339002582933861694e+11
3.350425064672931519e+11
3.349700022055354614e+11
3.338182093700596924e+11
3.317158094498703613e+11
3.287834664098791504e+11
3.251331199516906128e+11
3.208676809029552002e+11
3.160810255599118652e+11
3.108582060931459351e+11
3.052758114444627686e+11
2.994024276126417847e+11
2.932991581101144409e+11
2.870201749910384521e+11
2.806132785370007935e+11
2.741204497550461731e+11
2.675783845793819580e+11
2.610190023225359802e+11
2.544699237057543030e+11
2.479549158903456421e+11
2.414943034774843750e+11
2.351053455634689026e+11
2.288025797265267334e+11
2.225981343572637634e+11
2.165020110888105164e+11
2.105223392823294067e+11
2.046656046173643494e+11
1.989368538524107666e+11
1.933398777829330444e+11
1.878773743480297546e+11
1.825510937364300537e+11
1.773619672274412537e+11
1.723102213796167603e+11
1.673954790549291687e+11
1.626168486424540405e+11
1.579730027260910645e+11
1.534622473266542969e+11
1.490825827416762695e+11
1.448317569062261658e+11
1.407073121058056946e+11
1.367066257875350189e+11
1.328269461384097900e+11
1.290654230288916626e+11
1.254191348562476654e+11
1.218851117643164673e+11
1.184603556644690704e+11
1.151418574357162323e+11
1.119266116400231476e+11
1.088116290513660278e+11
1.057939472634964447e+11
1.028706396113601532e+11
1.000388226143928986e+11
9.729566212614270020e+10
9.463837835334094238e+10
9.206424988879234314e+10
8.957061688559909058e+10
8.715488348535339355e+10
8.481451959972273254e+10
8.254706213308406067e+10
8.035011572345614624e+10
7.822135306977127075e+10
7.615851490530152893e+10
7.415940966987763977e+10
7.222191292702696228e+10
7.034396656660580444e+10
6.852357782835510254e+10
6.675881817744252777e+10
