0.000000000000000000e+00
5.742901984838317467e-30
5.113732210157209747e-07
1.277170069132479213e+01
4.631752965417992527e+04
5.194668831051073037e+06
1.057021047413464338e+08
8.259751895125813484e+08
3.590158342278082848e+09
1.063716385018579865e+10
2.423385800595252228e+10
4.579019919131018829e+10
7.542300152083299255e+10
1.120449758055206604e+11
1.537629170058502502e+11
1.983419611332295837e+11
2.435867632052288513e+11
2.875879316039276123e+11
3.288419853875161743e+11
3.662774861250578003e+11
3.992228032887567139e+11
4.273443055197187500e+11
4.505748464676967163e+11
4.690445371472051392e+11
4.830199805582631226e+11
4.928543278660244751e+11
4.989482618865597534e+11
5.017208430086965942e+11
5.015886680731862793e+11
4.989517069863660889e+11
4.941843045246889648e+11
4.876300482166850586e+11
4.795994396833392944e+11
4.703695308326373291e+11
4.601848818065961304e+11
4.492593596770761108e+11
4.377784265633902588e+11
4.259016668082151489e+11
4.137653797334885864e+11
4.014851219230216064e+11
3.891581250909608765e+11
3.768655459091195679e+11
3.646745255447993774e+11
3.526400513758920288e+11
3.408066231665606079e+11
3.292097322538460083e+11
3.178771660306303711e+11
3.068301519704481201e+11
2.960843561832724609e+11
2.856507514240207520e+11
2.755363688894522705e+11
2.657449472413667908e+11
2.562774912291537781e+11
2.471327511520207214e+11
2.383076332661018066e+11
2.297975501468941956e+11
2.215967189882388306e+11
2.136984148696435242e+11
2.060951851597274780e+11
1.987790304460534973e+11
1.917415566873505859e+11
1.849741026688007507e+11
1.784678462983018188e+11
1.722138928051526489e+11
1.662033474858766479e+11
1.604273752784335632e+11
1.548772491299158020e+11
1.495443888484502563e+11
1.444203918922215271e+11
1.394970573429269409e+11
1.347664041331822052e+11
1.302206844441557312e+11
1.258523930574773407e+11
1.216542733315735779e+11
1.176193203746330261e+11
1.137407819021533966e+11
1.100121571945050812e+11
1.064271945078689728e+11
1.029798872383658447e+11
9.966446909357069397e+10
9.647540848616871643e+10
9.340740233103813171e+10
9.045536939813676453e+10
8.761444334901550293e+10
8.487996556373609924e+10
8.224747784695262146e+10
7.971271508665863037e+10
7.727159792599459839e+10
7.492022549746002197e+10
7.265486825936528015e+10
7.047196096644013977e+10
6.836809579969603729e+10
6.634001567493639374e+10
6.438460774450095367e+10
6.249889710276940155e+10
6.068004070262197113e+10
5.892532148714775848e+10
5.723214273865312958e+10
5.559802264503718567e+10
5.402058908203869629e+10
