0.000000000000000000e+00
8.766824349623007610e-43
2.421527208063309034e-13
9.123492726176235870e-04
4.092058295462473438e+01
2.080775207401232183e+04
1.161302979555839440e+06
1.867040646668542922e+07
1.394816447798611820e+08
6.299984945879038572e+08
2.011643582498378038e+09
5.011401647587478638e+09
1.039488494600604820e+10
1.877142501148983002e+10
3.045669767269420624e+10
4.542686908309439087e+10
6.335221325723412323e+10
8.367769728964179993e+10
1.057183443557021637e+11
1.287469773012414703e+11
1.520629078148745728e+11
1.750384794303192444e+11
1.971453544388706055e+11
2.179646863635597534e+11
2.371858010253452148e+11
2.545975446573888550e+11
2.700756109102454834e+11
2.835682583450565186e+11
2.950820368187732544e+11
3.046685126502440796e+11
3.124125207737202148e+11
3.184221542837950439e+11
3.228204971122578125e+11
3.257389842636126709e+11
3.273122109067906494e+11
3.276739870545722656e+11
3.269544341076240845e+11
3.252779330249407959e+11
3.227617544487595215e+11
3.195152243319173584e+11
3.156393017852967529e+11
3.112264674504838867e+11
3.063608399490283203e+11
3.011184545955598755e+11
2.955676526094173584e+11
2.897695407044376221e+11
2.837784904441093140e+11
2.776426544080731812e+11
2.714044823138001709e+11
2.651012250354100037e+11
2.587654181963608704e+11
2.524253398847454834e+11
2.461054392209231873e+11
2.398267341388356628e+11
2.336071779422330627e+11
2.274619950588004456e+11
2.214039870171996765e+11
2.154438100734004822e+11
2.095902261634016418e+11
2.038503289968014526e+11
1.982297471598842773e+11
1.927328260907680054e+11
1.873627907409208374e+11
1.821218906603727417e+11
1.770115291483703613e+11
1.720323780053169556e+11
1.671844793106131592e+11
1.624673355390571594e+11
1.578799892186249390e+11
1.534210932264155579e+11
1.490889727192519836e+11
1.448816796009496460e+11
1.407970403405810242e+11
1.368326978749983978e+11
1.329861482544923553e+11
1.292547726224855804e+11
1.256358650583133240e+11
1.221266567561149139e+11
1.187243369621501465e+11
1.154260710472350769e+11
1.122290160498060150e+11
1.091303339883722076e+11
1.061272032088684540e+11
1.032168280029864502e+11
1.003964467069940033e+11
9.766333846697332764e+10
9.501482883533312988e+10
9.244829434462823486e+10
8.996116618804838562e+10
8.755093312099957275e+10
8.521514368497970581e+10
8.295140784318000793e+10
8.075739810677844238e+10
7.863085022162887573e+10
7.656956347674731445e+10
7.457140068876147461e+10
7.263428790994131470e+10
7.075621390171058655e+10
6.893522941042829895e+10
6.716944627773445129e+10
