0.000000000000000000e+00
1.923126704394387769e-30
2.987477571384092216e-07
8.993499028099373405e+00
3.581756627406705957e+04
4.249654308963992633e+06
8.978374368882472813e+07
7.206929272068517208e+08
3.196375851625941277e+09
9.620350689697734833e+09
2.219470809133169556e+10
4.237134062408721924e+10
7.039372038519456482e+10
1.053370936981662445e+11
1.454620650872944336e+11
1.886521322761152039e+11
2.327858758685121155e+11
2.759863359082267456e+11
3.167497279290063477e+11
3.539817872405263062e+11
3.869747725594147949e+11
4.153529240830199585e+11
4.390060993728635254e+11
4.580238473786240234e+11
4.726365067920131226e+11
4.831660969490549927e+11
4.899874524244827881e+11
4.934988016348873291e+11
4.941004301035469360e+11
4.921799217356505127e+11
4.881025474795748901e+11
4.822055507820983276e+11
4.747952929420053101e+11
4.661464306202001953e+11
4.565024840703640747e+11
4.460773114416448364e+11
4.350571314410272217e+11
4.236028364974900513e+11
4.118524153351984253e+11
3.999233617265340576e+11
3.879149890265773926e+11
3.759106012312081299e+11
3.639794935103147583e+11
3.521787706602330933e+11
3.405549824343632812e+11
3.291455815840134277e+11
3.179802146944800415e+11
3.070818582943646851e+11
2.964678138189986572e+11
2.861505752354297485e+11
2.761385827891722412e+11
2.664368756283711853e+11
2.570476551502944946e+11
2.479707699059802856e+11
2.392041318609953308e+11
2.307440727927996826e+11
2.225856486362190857e+11
2.147228986861437073e+11
2.071490657390515747e+11
1.998567825054585571e+11
1.928382289524927673e+11
1.860852646365950623e+11
1.795895395556512146e+11
1.733425865822098694e+11
1.673358981290388489e+11
1.615609893392991943e+11
1.560094497803842163e+11
1.506729853478969727e+11
1.455434518496311035e+11
1.406128815339119568e+11
1.358735036491456299e+11
1.313177599674494171e+11
1.269383160726023407e+11
1.227280690978650970e+11
1.186801525003430939e+11
1.147879383733995667e+11
1.110450377253218689e+11
1.074452990892367706e+11
1.039828057750605164e+11
1.006518720275522003e+11
9.744703831451760864e+10
9.436306593479396057e+10
9.139493110608366394e+10
8.853781866751144409e+10
8.578711551003898621e+10
8.313840382932505798e+10
8.058745427987989807e+10
7.813021909562258911e+10
7.576282523063967896e+10
7.348156756391143799e+10
7.128290220350123596e+10
6.916343991858750916e+10
6.711993972167983246e+10
6.514930261826924896e+10
6.324856553688640594e+10
6.141489544891387177e+10
5.964558368449250793e+10
5.793804044833006287e+10
5.628978953711343384e+10
5.469846325852114868e+10
