0.000000000000000000e+00
5.857175927431549307e-24
4.488094666461189819e-04
1.049126146097084074e+03
1.160077549185528653e+06
6.371528258162485063e+07
8.049729160634037256e+08
4.473430023656451225e+09
1.505387048171596909e+10
3.654514602914446259e+10
7.097971504997952271e+10
1.176900181405421143e+11
1.738387187369081421e+11
2.354865124219017029e+11
2.985832082295604858e+11
3.596199044706571655e+11
4.159322608534014282e+11
4.657498892364849854e+11
5.080996896322949829e+11
5.426464225486293335e+11
5.695229686448200684e+11
5.891778386809249268e+11
6.022509938989884033e+11
6.094795509858630371e+11
6.116302758619357910e+11
6.094540141263200684e+11
6.036570233661077881e+11
5.948847258415996094e+11
5.837142120950349121e+11
5.706526505584639893e+11
5.561394851221715088e+11
5.405508960073032227e+11
5.242054602597283936e+11
5.073702936889701538e+11
4.902672077562877197e+11
4.730785937319748535e+11
4.559528704661247559e+11
4.390094159562343750e+11
4.223429578725174561e+11
4.060274328427191772e+11
3.901193448797432251e+11
3.746606643959081421e+11
3.596813140159371338e+11
3.452012881415396118e+11
3.312324514953148804e+11
3.177800587418864746e+11
3.048440334549952393e+11
2.924200406276710205e+11
2.805003828951097412e+11
2.690747468261046143e+11
2.581308221296971130e+11
2.476548134610470276e+11
2.376318617013043823e+11
2.280463891195636902e+11
2.188823806775837708e+11
2.101236118813331909e+11
2.017538319867834167e+11
1.937569100005057068e+11
1.861169497493865967e+11
1.788183793017961121e+11
1.718460191807110291e+11
1.651851330963192139e+11
1.588214643228271179e+11
1.527412603352877197e+11
1.469312878930353088e+11
1.413788403948988342e+11
1.360717390271188812e+11
1.309983289691161804e+11
1.261474717074503937e+11
1.215085343279617462e+11
1.170713765048036804e+11
1.128263357784308624e+11
1.087642116084676666e+11
1.048762485986493073e+11
1.011541192169990082e+11
9.758990627247286987e+10
9.417608535785058594e+10
9.090550742582824707e+10
8.777138162961419678e+10
8.476725852995973206e+10
8.188701374616120911e+10
7.912483210849229431e+10
7.647519235315794373e+10
7.393285238727003479e+10
7.149283514051550293e+10
6.915041501126907349e+10
6.690110490781256104e+10
6.474064387968991852e+10
6.266498532977314758e+10
6.067028579416304779e+10
5.875289427445320892e+10
5.690934210494082642e+10
5.513633333601851654e+10
5.343073561402239990e+10
5.178957153731928253e+10
5.021001046814987183e+10
4.868936077973980713e+10
4.722506251841324615e+10
4.581468046074443054e+10
4.445589754628480530e+10
