0.000000000000000000e+00
9.393957863991710612e-37
2.325223543100611989e-10
8.313590988473792964e-02
1.144985496854457097e+03
2.863622743509013671e+05
9.952733788779547438e+06
1.140456273833748549e+08
6.607519285454660654e+08
2.448605066126093864e+09
6.672987429266620636e+09
1.460106103775485802e+10
2.718033642617844009e+10
4.478592500803076172e+10
6.717324568014247894e+10
9.358946211107530212e+10
1.229593663483732758e+11
1.540753485092469177e+11
1.857513870878701782e+11
2.169273657982710266e+11
2.467263518251656189e+11
2.744748512869831848e+11
2.996976455118563843e+11
3.220974501497481079e+11
3.415272176191132812e+11
3.579604481458576660e+11
3.714628294560157471e+11
3.821670046436582031e+11
3.902512298201800537e+11
3.959220292242474365e+11
3.994005807442399902e+11
4.009123795158994751e+11
4.006796625190137329e+11
3.989160837213696899e+11
3.958231741259804077e+11
3.915881828300137329e+11
3.863829610598141479e+11
3.803636139050085449e+11
3.736707005558320923e+11
3.664298118917935181e+11
3.587523942047563477e+11
3.507367202733907471e+11
3.424689348585292969e+11
3.340241219661398926e+11
3.254673568989832764e+11
3.168547180667512207e+11
3.082342425053375854e+11
2.996468157031807251e+11
2.911269911691643677e+11
2.827037386207211304e+11
2.744011220586780090e+11
2.662389105885504761e+11
2.582331258526008606e+11
2.503965305098232117e+11
2.427390624636058960e+11
2.352682195810142822e+11
2.279893995412617493e+11
2.209061992463823853e+11
2.140206779613828735e+11
2.073335880514454956e+11
2.008445768703030090e+11
1.945523630393541260e+11
1.884548900517400818e+11
1.825494598443930054e+11
1.768328487084542236e+11
1.713014076560616760e+11
1.659511491297175293e+11
1.607778217298708801e+11
1.557769744455082703e+11
1.509440117010299988e+11
1.462742403788305664e+11
1.417629098395749817e+11
1.374052458400018768e+11
1.331964791392252960e+11
1.291318694884207611e+11
1.252067256134587708e+11
1.214164217249060974e+11
1.177564110233417053e+11
1.142222366096393890e+11
1.108095401582142792e+11
1.075140686661918945e+11
1.043316795515503693e+11
1.012583443384890594e+11
9.829015113765962219e+10
9.542330610199890137e+10
9.265413401544058228e+10
8.997907815116111755e+10
8.739469951797637939e+10
8.489767559772621155e+10
8.248479866268751526e+10
8.015297375000845337e+10
7.789921635956828308e+10
7.572064993252659607e+10
7.361450315973252869e+10
7.157810716221847534e+10
6.960889257982122803e+10
6.770438659873143768e+10
6.586220994408396912e+10
6.408007385970392609e+10
6.235577709360288239e+10
