0.000000000000000000e+00
6.570987045014791137e-19
1.285146020354075991e-01
4.049521754508531740e+04
1.639226215229890868e+07
4.920994000414867997e+08
4.153747124531375885e+09
1.729945745681546783e+10
4.687915690497669220e+10
9.614448335294586182e+10
1.631485254831815491e+11
2.421965584060933838e+11
3.262388998661762695e+11
4.087589796574196777e+11
4.847546954024172363e+11
5.509843315018708496e+11
6.057866212897270508e+11
6.487266722638594971e+11
6.802204057003999023e+11
7.012104144667486572e+11
7.129167204019396973e+11
7.166605011910317383e+11
7.137484713708854980e+11
7.054032671703874512e+11
6.927265207170062256e+11
6.766839103357099609e+11
6.581041736153336182e+11
6.376863931100650635e+11
6.160116838566053467e+11
5.935567554608275146e+11
5.707077728571785889e+11
5.477735908295145874e+11
5.249978690250371704e+11
5.025698510854653320e+11
4.806337622216933594e+11
4.592968791884875488e+11
4.386363798568205566e+11
4.187051033904970703e+11
3.995363578258668213e+11
3.811479071656475830e+11
3.635452597983360596e+11
3.467243672133592529e+11
3.306738284666862793e+11
3.153766827493861694e+11
3.008118603032596436e+11
2.869553510804096680e+11
2.737811410313340759e+11
2.612619576923844299e+11
2.493698597314652405e+11
2.380766991765061646e+11
2.273544800628377686e+11
2.171756330638212585e+11
2.075132221951620178e+11
1.983410967999762573e+11
1.896339996348504333e+11
1.813676399059077148e+11
1.735187384786640930e+11
1.660650511477500305e+11
1.589853747528868103e+11
1.522595400246519775e+11
1.458683943031647644e+11
1.397937766661203003e+11
1.340184875063716125e+11
1.285262541933183289e+11
1.233016941212355957e+11
1.183302761775336456e+11
1.135982814440789642e+11
1.090927637660737457e+11
1.048015106780906525e+11
1.007130050596684265e+11
9.681638779829196167e+10
9.310142166161607361e+10
8.955845651988555908e+10
8.617839601105186462e+10
8.295266570265788269e+10
7.987318277439675903e+10
7.693232722173420715e+10
7.412291456290327454e+10
7.143817001782821655e+10
6.887170411745375061e+10
6.641748969450697327e+10
6.406984020176226044e+10
6.182338930058255768e+10
5.967307166070811462e+10
5.761410491158752441e+10
5.564197268572420502e+10
5.375240869536882782e+10
5.194138178525444794e+10
5.020508190581404114e+10
4.853990695330418396e+10
4.694245042546578217e+10
4.540948984363282013e+10
4.393797589455371094e+10
4.252502224758461761e+10
4.116789600523379517e+10
3.986400874739172363e+10
3.861090813180371857e+10
3.740627001555023193e+10
3.624789106438366699e+10
3.513368181879618835e+10
