0.000000000000000000e+00
7.035689399392293542e-48
7.186845720507403028e-16
1.969568756420126979e-05
2.388867786324175402e+00
2.208585125312954460e+03
1.837077781564109027e+05
3.928565141700746957e+06
3.635791730667254329e+07
1.940049602754690647e+08
7.079150840612664223e+08
1.967178010107103348e+09
4.469700167105836868e+09
8.718989624543241501e+09
1.511455162850832939e+10
2.387556029774989319e+10
3.501299005076165009e+10
4.834457135069330597e+10
6.353707232272092438e+10
8.015968216210075378e+10
9.773622895859397888e+10
1.157890260515662384e+11
1.338714136867420349e+11
1.515889457527528992e+11
1.686107565145872192e+11
1.846732738025657654e+11
1.995784835211532288e+11
2.131886790400129700e+11
2.254192377864947510e+11
2.362305674199034119e+11
2.456200110821769409e+11
2.536142163109717712e+11
2.602622566668032532e+11
2.656296409015449219e+11
2.697932400844609375e+11
2.728370968387916565e+11
2.748490424310947266e+11
2.759180285062656860e+11
2.761320743017851562e+11
2.755767324190759888e+11
2.743339832695786438e+11
2.724814778039842834e+11
2.700920585277110901e+11
2.672334991279953308e+11
2.639684127152242432e+11
2.603542874117834778e+11
2.564436156847451477e+11
2.522840904040658875e+11
2.479188461737934875e+11
2.433867291220272217e+11
2.387225821554285889e+11
2.339575357953099365e+11
2.291192972225407715e+11
2.242324321629308472e+11
2.193186358305094299e+11
2.143969903881182556e+11
2.094842073457377014e+11
2.045948540524881287e+11
1.997415639916069336e+11
1.949352309971986389e+11
1.901851878068386230e+11
1.854993695702445068e+11
1.808844630713667297e+11
1.763460425047551270e+11
1.718886926908379822e+11
1.675161206278760986e+11
1.632312562697402344e+11
1.590363433938360291e+11
1.549330213882138367e+11
1.509223987438894958e+11
1.470051189915597534e+11
1.431814197726313477e+11
1.394511856847774658e+11
1.358139954932364044e+11
1.322691642514078369e+11
1.288157808289151306e+11
1.254527413020756531e+11
1.221787786212943420e+11
1.189924889323098755e+11
1.158923548929828491e+11
1.128767662953213348e+11
1.099440382726174316e+11
1.070924273444742432e+11
1.043201455277230835e+11
1.016253727185804901e+11
9.900626753097044373e+10
9.646097675721391296e+10
9.398764360053227234e+10
9.158441481342686462e+10
8.924944686240429688e+10
8.698091122690863037e+10
8.477699892924374390e+10
8.263592438215121460e+10
8.055592863163441467e+10
7.853528206441624451e+10
7.657228664217829895e+10
7.466527771805175781e+10
7.281262548496609497e+10
7.101273610012611389e+10
6.926405252517160034e+10
