0.000000000000000000e+00
4.249372477185091183e-44
5.402957326449906530e-14
3.397925746481825020e-04
1.970382600084153424e+01
1.169164074106491353e+04
7.233403476087427698e+05
1.251825607694256119e+07
9.883764726987905800e+07
4.660562951623309255e+08
1.540338857032202482e+09
3.947107140851912498e+09
8.382219975514778137e+09
1.544153041619923973e+10
2.548582274412440491e+10
3.858033936411705017e+10
5.450687345682509613e+10
7.282410112238502502e+10
9.294818626945208740e+10
1.142321759170665741e+11
1.360317874136466980e+11
1.577528559864195557e+11
1.788807317125043335e+11
1.989945143570870667e+11
2.177699048503381958e+11
2.349743402928745422e+11
2.504574923188109436e+11
2.641394782350571594e+11
2.759984400113816528e+11
2.860585666227413330e+11
2.943791905669839478e+11
3.010452700226602783e+11
3.061593524206967163e+11
3.098349791148755493e+11
3.121914125026036987e+11
3.133495284795907593e+11
3.134287047980828857e+11
3.125445397370484009e+11
3.108072484877496338e+11
3.083206021122496338e+11
3.051812928262207031e+11
3.014786278568128052e+11
2.972944712054428711e+11
2.927033678089390259e+11
2.877727976828999023e+11
2.825635186923161011e+11
2.771299657814930420e+11
2.715206820168511047e+11
2.657787628774598389e+11
2.599423000885729370e+11
2.540448151364692078e+11
2.481156756086885376e+11
2.421804898278096313e+11
2.362614770226832886e+11
2.303778116183307495e+11
2.245459412160508118e+11
2.187798785537287903e+11
2.130914682428618774e+11
2.074906294217348328e+11
2.019855756832865906e+11
1.965830137605467834e+11
1.912883225077560425e+11
1.861057137192450562e+11
1.810383762957743835e+11
1.760886052108904724e+11
1.712579166558106384e+11
1.665471506576024170e+11
1.619565623764617004e+11
1.574859031970941467e+11
1.531344926397039795e+11
1.489012820288781433e+11
1.447849107757118835e+11
1.407837560500245972e+11
1.368959765463103638e+11
1.331195509789226532e+11
1.294523118794152374e+11
1.258919752113799133e+11
1.224361662655936737e+11
1.190824422505733337e+11
1.158283119501439667e+11
1.126712527805836487e+11
1.096087255443634033e+11
1.066381871456727905e+11
1.037571015043337708e+11
1.009629488787776489e+11
9.825323378589929199e+10
9.562549168474810791e+10
9.307729457263916016e+10
9.060625562568180847e+10
8.821003300098709106e+10
8.588633290457540894e+10
8.363291201736811829e+10
8.144757936102563477e+10
7.932819767618869019e+10
7.727268437725831604e+10
7.527901214052485657e+10
7.334520917586740112e+10
7.146935922628707886e+10
6.964960133451132202e+10
6.788412941110343933e+10
