0.000000000000000000e+00
5.906438570246097144e-22
4.258960510589115261e-03
4.503824006647325405e+03
3.345787892309357878e+06
1.446833714663387835e+08
1.558233796541796923e+09
7.725261172902025223e+09
2.386127979315787506e+10
5.418633590823841095e+10
9.976613630749624634e+10
1.583366592561420288e+11
2.254959547586501465e+11
2.961703398075063477e+11
3.657122152774900513e+11
4.304789034400395508e+11
4.879948227768720093e+11
5.368610026755366211e+11
5.765492044140762939e+11
6.071694723128012695e+11
6.292582467426699219e+11
6.436061784332081299e+11
6.511288160632860107e+11
6.527756346757803955e+11
6.494700825965627441e+11
6.420731124529737549e+11
6.313636002024554443e+11
6.180303588921811523e+11
6.026717342220003662e+11
5.857998665401213379e+11
5.678475763946226807e+11
5.491764910043701782e+11
5.300855108620320435e+11
5.108190570902760620e+11
4.915747756653451538e+11
4.725105326973222046e+11
4.537506378385203247e+11
4.353912972718282471e+11
4.175053358086302490e+11
4.001462481273107300e+11
3.833516482369213867e+11
3.671461880917352905e+11
3.515440137850809326e+11
3.365508228343843994e+11
3.221655799831086426e+11
3.083819424840411377e+11
2.951894394750279541e+11
2.825744440898691406e+11
2.705209715064880676e+11
2.590113312770076599e+11
2.480266580133702698e+11
2.375473407892826538e+11
2.275533684199867249e+11
2.180246050427793579e+11
2.089410080905612793e+11
2.002827987748504639e+11
1.920305935259964294e+11
1.841655034330100098e+11
1.766692075444271240e+11
1.695240049012531128e+11
1.627128493439660645e+11
1.562193704421428833e+11
1.500278833164038086e+11
1.441233896394363708e+11
1.384915717003773804e+11
1.331187810817146912e+11
1.279920232192589722e+11
1.230989388839469757e+11
1.184277834321098785e+11
1.139674045111875763e+11
1.097072187758730164e+11
1.056371880602673798e+11
1.017477953613952332e+11
9.803002091488990784e+10
9.447531858240080261e+10
9.107559271987287903e+10
8.782317565466282654e+10
8.471080586572911072e+10
8.173160693375968933e+10
7.887906730590437317e+10
7.614702090189445496e+10
7.352962857403875732e+10
7.102136042219010925e+10
6.861697895586942291e+10
6.631152308879998016e+10
6.410029294576651764e+10
6.197883545784281921e+10
5.994293071907426453e+10
5.798857907583121490e+10
5.611198891873056030e+10
5.430956514638806152e+10
5.257789827004352570e+10
5.091375412825496674e+10
4.931406418130313110e+10
4.777591635558117676e+10
4.629654640911154175e+10
4.487332979022798157e+10
4.350377396250969696e+10
4.218551117016120148e+10
4.091629161910084534e+10
