0.000000000000000000e+00
1.061814527253271541e-45
8.669586861230111341e-15
1.017674798052885482e-04
8.069096128332779116e+00
5.778403752819277543e+03
4.053004510667838622e+05
7.672647907946053892e+06
6.479981647424169630e+07
3.220012834073625803e+08
1.109848147417713642e+09
2.943412607260087967e+09
6.432471303360212326e+09
1.214083313181455803e+10
2.045959074691856003e+10
3.153584528058339310e+10
4.526413979105270386e+10
6.132516194631853485e+10
7.924913040458546448e+10
9.848426204953569031e+10
1.184575245097229004e+11
1.386215155784864197e+11
1.584861429382975159e+11
1.776366142501289978e+11
1.957405163809289856e+11
2.125470163169434204e+11
2.278809195181237183e+11
2.416337943547489929e+11
2.537538048218027954e+11
2.642353853484946289e+11
2.731094793974283752e+11
2.804347526191532593e+11
2.862899704229353027e+11
2.907675818710635986e+11
2.939684592951749878e+11
2.959976905597886963e+11
2.969612960100884399e+11
2.969637353425242310e+11
2.961060740060936279e+11
2.944846894258319702e+11
2.921904110651173706e+11
2.893080029957351685e+11
2.859159119298569336e+11
2.820862168582236328e+11
2.778847281779981079e+11
2.733711943670611572e+11
2.685995828990983276e+11
2.636184093074745789e+11
2.584710942470452576e+11
2.531963332380696106e+11
2.478284676673993225e+11
2.423978487216602783e+11
2.369311883701036377e+11
2.314518934206621094e+11
2.259803801419200134e+11
2.205343680622430725e+11
2.151291523957180481e+11
2.097778551613136597e+11
2.044916555046495667e+11
1.992800000393497620e+11
1.941507942282478333e+11
1.891105759483986206e+11
1.841646724477011719e+11
1.793173419204592285e+11
1.745719009162570801e+11
1.699308387608942261e+11
1.653959201169209290e+11
1.609682767499714355e+11
1.566484894999217834e+11
1.524366613863436279e+11
1.483324827072647705e+11
1.443352889214762268e+11
1.404441120381766663e+11
1.366577261742279968e+11
1.329746878798216248e+11
1.293933717775275574e+11
1.259120020079699554e+11
1.225286799277016907e+11
1.192414084609793854e+11
1.160481134671051788e+11
1.129466624484563293e+11
1.099348808911412506e+11
1.070105665000642853e+11
1.041715015630649872e+11
1.014154636540875092e+11
9.874023486328909302e+10
9.614360972194548035e+10
9.362340197215849304e+10
9.117745031522671509e+10
8.880362325804344177e+10
8.649982316406227112e+10
8.426398960358215332e+10
8.209410208791441345e+10
7.998818226250935364e+10
7.794429562596661377e+10
7.596055283434286499e+10
7.403511064354122925e+10
7.216617253670877075e+10
7.035198907816053772e+10
6.859085803080045319e+10
