0.000000000000000000e+00
1.404958625072592506e-14
1.513479658573880826e+01
8.321620517721712822e+05
1.403507253607639074e+08
2.489175807935675621e+09
1.478531246008341599e+10
4.789284299776907349e+10
1.074626829905674438e+11
1.902794539761178589e+11
2.870545478029444580e+11
3.870209587215892944e+11
4.811238022484343262e+11
5.632711079508160400e+11
6.302822042289392090e+11
6.812565327488461914e+11
7.168276302112783203e+11
7.385197674620180664e+11
7.482722688820631104e+11
7.481235341833214111e+11
7.400210231366170654e+11
7.257205662622370605e+11
7.067442845408247070e+11
6.843743057572142334e+11
6.596665716029206543e+11
6.334745300927457275e+11
6.064764279422611084e+11
5.792025604104735107e+11
5.520605411300067139e+11
5.253577100551751099e+11
4.993204219696010132e+11
4.741103054824012451e+11
4.498377578974591064e+11
4.265730136098123779e+11
4.043551367960192261e+11
3.831992705663004150e+11
3.631024410679448853e+11
3.440481760078982544e+11
3.260101581232529297e+11
3.089550980642226562e+11
2.928449791915595703e+11
2.776387992613539429e+11
2.632939107192423401e+11
2.497670419629304810e+11
2.370150659710832825e+11
2.249955696420110474e+11
2.136672665705120850e+11
2.029902873990671997e+11
1.929263749498932495e+11
1.834390057709180603e+11
1.744934552568862000e+11
1.660568199253669434e+11
1.580980075641903992e+11
1.505877036807417908e+11
1.434983208613748474e+11
1.368039361984053955e+11
1.304802207888829041e+11
1.245043643942031097e+11
1.188549976244901733e+11
1.135121134385668030e+11
1.084569892983161163e+11
1.036721109608806458e+11
9.914109861377871704e+10
9.484863584084455872e+10
9.078040173849853516e+10
8.692300637198849487e+10
8.326392966213137817e+10
7.979146371805059814e+10
7.649465857559310913e+10
7.336327126021417236e+10
7.038771806408006287e+10
6.755902990717034912e+10
6.486881063943106079e+10
6.230919813365238953e+10
5.987282801563490295e+10
5.755279987820008850e+10
5.534264582793824768e+10
5.323630121764797974e+10
5.122807742264800262e+10
4.931263652521096039e+10
4.748496777791810608e+10
4.574036572360422516e+10
4.407440985646551514e+10
4.248294571584957123e+10
4.096206731100814819e+10
3.950810078167245483e+10
3.811758920564630127e+10
3.678727847064999390e+10
3.551410413338951111e+10
3.429517919425125122e+10
3.312778272112521744e+10
3.200934926066844559e+10
3.093745897978779602e+10
2.990982848432640076e+10
2.892430226583675766e+10
2.797884473095888519e+10
2.707153277129453659e+10
2.620054883480690002e+10
2.536417446267686081e+10
2.456078425823654938e+10
