0.000000000000000000e+00
0.000000000000000000e+00
3.351986030363717961e-217
7.886797059702270625e-141
9.853923780540666801e-103
5.923229277411771948e-80
7.918597268440458004e-65
4.548723277553131927e-54
4.930464685479227532e-46
8.235229845152171687e-40
7.464458153545763837e-35
8.172909894676001342e-31
1.841398448213469219e-27
1.233624226744301268e-24
3.194809295604881142e-22
3.875457425061193322e-20
2.542231406529829887e-18
1.006298068037990841e-16
2.616974647317733642e-15
4.781172395602649410e-14
6.473867315087868295e-13
6.783580081807604457e-12
5.698378830306929820e-11
3.950807739734242267e-10
2.316248712653632196e-09
1.171862988759986289e-08
5.205013671685615594e-08
2.059536701963434943e-07
7.351179997911820580e-07
2.392587579764504110e-06
7.167336446655719797e-06
1.992310346688853202e-05
5.175499217144672567e-05
1.264312734957201943e-04
2.920480739243629348e-04
6.410144661012789642e-04
1.342687030631383241e-03
2.694330184445679639e-03
5.197495985878132496e-03
9.668265298267199673e-03
1.739091962421001128e-02
3.032536258316383126e-02
5.137883793208834760e-02
8.475208408415671468e-02
1.363689552799033644e-01
2.143967131047796459e-01
3.298616921201211749e-01
4.973619668412087025e-01
7.358751360884109305e-01
1.069655569436684495e+00
1.529211621777361252e+00
2.152349611691565912e+00
2.985267962421893628e+00
4.083681983179066499e+00
5.513957454406977376e+00
7.354229567526615163e+00
9.695482912236084161e+00
1.264256811835515038e+01
1.631513142406450001e+01
2.084843480639935365e+01
2.639404629565447991e+01
3.312038260655069166e+01
4.121308914674693824e+01
5.087524569252986595e+01
6.232738943676294241e+01
7.580735060421936566e+01
9.156989929133206374e+01
1.098862055293557063e+02
1.310431177133365566e+02
1.553422674197312574e+02
1.830990112032629042e+02
2.146412221832697469e+02
2.503079460794608906e+02
2.904479378273424572e+02
3.354180959959340385e+02
3.855818129559200997e+02
4.413072591235780351e+02
5.029656196596516793e+02
5.709293017622087518e+02
6.455701301909540462e+02
7.272575479320338445e+02
8.163568379920237703e+02
9.132273812327010774e+02
1.018220963957813524e+03
1.131680147671953591e+03
1.253936712079393374e+03
1.385310181004936112e+03
1.526106439524044390e+03
1.676616449207554297e+03
1.837115067035805623e+03
2.007859972234182123e+03
2.189090704039860611e+03
2.381027812238549359e+03
2.583872121218185839e+03
2.797804107280313474e+03
3.022983388031620962e+03
3.259548321851972560e+03
3.507615714699264572e+03
3.767280630866894171e+03
4.038616303752563454e+03
