0.000000000000000000e+00
2.015732670231956025e-44
3.732928129098105146e-14
2.663394937790538718e-04
1.645310878397377508e+01
1.014109337388298081e+04
6.435359312178039690e+05
1.134105545971040428e+07
9.077091522176454961e+07
4.325802053599370718e+08
1.441884605261887550e+09
3.720584714133938789e+09
7.947091851591785431e+09
1.471196724720645714e+10
2.438412239352750015e+10
3.704758587160128784e+10
5.250893959667021179e+10
7.035299925196746826e+10
9.001985138808702087e+10
1.108820861860173492e+11
1.323096830965463562e+11
1.537174802249570007e+11
1.745951598774597168e+11
1.945223457648260498e+11
2.131723846875182495e+11
2.303083534323626404e+11
2.457743058128446960e+11
2.594840860613575745e+11
2.714093658432068176e+11
2.815679961073660889e+11
2.900133259404611206e+11
2.968248220787539673e+11
3.021001052899422607e+11
3.059483808176367188e+11
3.084851584989981079e+11
3.098281166032713013e+11
3.100939484106258545e+11
3.093960321329776001e+11
3.078427759703674927e+11
3.055365061530072021e+11
3.025727836595941772e+11
2.990400530279810791e+11
2.950195431986686401e+11
2.905853551099733887e+11
2.858046835958018799e+11
2.807381320328005371e+11
2.754400872729587402e+11
2.699591298688582153e+11
2.643384606617978821e+11
2.586163296672299500e+11
2.528264570519072266e+11
2.469984390278007202e+11
2.411581338410553589e+11
2.353280248401795959e+11
2.295275589748641663e+11
2.237734600956237793e+11
2.180800171691771545e+11
2.124593480547366638e+11
2.069216398510015564e+11
2.014753670612220764e+11
1.961274889649686584e+11
1.908836276547186890e+11
1.857482282118301697e+11
1.807247024748955078e+11
1.758155578053728027e+11
1.710225121892901611e+11
1.663465969367065125e+11
1.617882481572615051e+11
1.573473881041229858e+11
1.530234973931876221e+11
1.488156790204271545e+11
1.447227150204245300e+11
1.407431165326644897e+11
1.368751679711567535e+11
1.331169659264228516e+11
1.294664533675917816e+11
1.259214496559431915e+11
1.224796768296779633e+11
1.191387825726161652e+11
1.158963602368541107e+11
1.127499662506356659e+11
1.096971352078019104e+11
1.067353929035245209e+11
1.038622675527209930e+11
1.010752994019646606e+11
9.837204892279592896e+10
9.575010375380645752e+10
9.320708454047764587e+10
9.074064980524891663e+10
8.834849996564537048e+10
8.602838060507185364e+10
8.377808508923083496e+10
8.159545661053012085e+10
7.947838973367643738e+10
7.742483150715588379e+10
7.543278219800781250e+10
7.350029570068121338e+10
7.162547966481306458e+10
6.980649538165370178e+10
6.804155746411221313e+10
