0.000000000000000000e+00
5.134320217512932311e-46
6.045418766996172836e-15
8.024015917266963730e-05
6.766385740806121873e+00
5.028226174585764966e+03
3.615039766780185164e+05
6.965497076120134443e+06
5.961266862064246088e+07
2.992983161113622189e+08
1.040155864405719995e+09
2.777307419992598057e+09
6.103806232897443771e+09
1.157566649983754730e+10
1.958727330889287949e+10
3.029875910234568024e+10
4.362404610445619965e+10
5.926570388935151672e+10
7.677509400673757935e+10
9.561864248002441406e+10
1.152374529815325623e+11
1.350938904194035492e+11
1.547035340543239441e+11
1.736537608477388000e+11
1.916115479242726440e+11
2.083234000943161316e+11
2.236100646633467407e+11
2.373582074897195129e+11
2.495106833780335388e+11
2.600565406139908752e+11
2.690214949896907349e+11
2.764593005678110962e+11
2.824442234752362061e+11
2.870646754807910156e+11
2.904179693644921875e+11
2.926061032419712524e+11
2.937324539006681519e+11
2.938992504745717163e+11
2.932057025494342041e+11
2.917466661902139282e+11
2.896117441080872803e+11
2.868847300789861450e+11
2.836433214495410767e+11
2.799590363507781372e+11
2.758972836940059814e+11
2.715175440024311218e+11
2.668736276434559326e+11
2.620139841628946533e+11
2.569820423218341980e+11
2.518165652544519043e+11
2.465520090549896851e+11
2.412188762116158447e+11
2.358440577640121460e+11
2.304511599872887268e+11
2.250608128952640991e+11
2.196909589962499695e+11
2.143571215933429565e+11
2.090726525577398376e+11
2.038489599641188354e+11
1.986957163009706726e+11
1.936210481864455261e+11
1.886317086567298584e+11
1.837332331690062256e+11
1.789300804903323059e+11
1.742257596392692261e+11
1.696229440189786682e+11
1.651235738352145691e+11
1.607289478371250610e+11
1.564398053559341431e+11
1.522563995510585938e+11
1.481785627060481567e+11
1.442057643509344177e+11
1.403371629232656555e+11
1.365716516189245453e+11
1.329078990258075409e+11
1.293443850791584625e+11
1.258794328268437805e+11
1.225112364460866089e+11
1.192378859102833252e+11
1.160573886650561371e+11
1.129676886368282776e+11
1.099666828643941498e+11
1.070522360143509064e+11
1.042221930142784424e+11
1.014743900132606506e+11
9.880666385739817810e+10
9.621686024814207458e+10
9.370284073355157471e+10
9.126248866649783325e+10
8.889371424949023438e+10
8.659445877296353149e+10
8.436269814220326233e+10
8.219644577782801819e+10
8.009375496539134216e+10
7.805272072145231628e+10
7.607148123596865845e+10
7.414821894426574707e+10
7.228116127592712402e+10
7.046858112260403442e+10
6.870879706207658386e+10
