0.000000000000000000e+00
2.983626786431567695e-38
4.231663521048268398e-11
2.718093173322076381e-02
5.021571303019991888e+02
1.498377685015005991e+05
5.858973966599935666e+06
7.303788920298103988e+07
4.507921635683904886e+08
1.754848708615493298e+09
4.974645867322041512e+09
1.124206006355519676e+10
2.149852773840523911e+10
3.624070280178341675e+10
5.542990912281243134e+10
7.854885656275764465e+10
1.047423772661006012e+11
1.329797843545063171e+11
1.621978639358741455e+11
1.914061099085911560e+11
2.197517190680169983e+11
2.465503247381389465e+11
2.712914463903830566e+11
2.936274764851719360e+11
3.133534506798129272e+11
3.303829066215224609e+11
3.447233586907943726e+11
3.564535023226889038e+11
3.657032374816983032e+11
3.726369139532526855e+11
3.774397749537694702e+11
3.803073362591555786e+11
3.814373245281998291e+11
3.810237645896403809e+11
3.792528184173106689e+11
3.763000162677075806e+11
3.723285688527185059e+11
3.674884998953718262e+11
3.619163861476366577e+11
3.557355345445574341e+11
3.490564627330337524e+11
3.419775797288439941e+11
3.345859883724610596e+11
3.269583512422632446e+11
3.191617774732535400e+11
3.112547002316605835e+11
3.032877240548765259e+11
2.953044284425554810e+11
2.873421194529358521e+11
2.794325250096774902e+11
2.716024324781725464e+11
2.638742690811682129e+11
2.562666270959033813e+11
2.487947366669002991e+11
2.414708896052664795e+11
2.343048178222994995e+11
2.273040301358094788e+11
2.204741111481681213e+11
2.138189857667466125e+11
2.073411527525931396e+11
2.010418904639859314e+11
1.949214377250832214e+11
1.889791525083257446e+11
1.832136508803133545e+11
1.776229284309833984e+11
1.722044661876738281e+11
1.669553228121691284e+11
1.618722146903497620e+11
1.569515853513807983e+11
1.521896654960224304e+11
1.475825247711603394e+11
1.431261162991379089e+11
1.388163148550481873e+11
1.346489494818385315e+11
1.306198312407578735e+11
1.267247767125909271e+11
1.229596277919217224e+11
1.193202682519863129e+11
1.158026375000630493e+11
1.124027418926190948e+11
1.091166639344283905e+11
1.059405696461628418e+11
1.028707143499626312e+11
9.990344709161575317e+10
9.703521389072734070e+10
9.426255998635653687e+10
9.158213122444754028e+10
8.899067471492143250e+10
8.648503886992535400e+10
8.406217292046018982e+10
8.171912599597236633e+10
7.945304584055824280e+10
7.726117722959872437e+10
7.514086014227513123e+10
7.308952773786660767e+10
7.110470417731196594e+10
6.918400232565724182e+10
6.732512136616636658e+10
6.552584435238002777e+10
6.378403572065045166e+10
