0.000000000000000000e+00
3.970180791460464570e-33
1.426793662666628835e-08
1.232637068832179050e+00
8.328522220266244403e+03
1.357696280290683266e+06
3.546105361909100413e+07
3.312581008198222518e+08
1.646345311368268967e+09
5.414391570798877716e+09
1.341013927748635101e+10
2.713307607086734009e+10
4.731666624994469452e+10
7.377163419109931946e+10
1.055233686102201538e+11
1.410974778556744690e+11
1.788212853018585815e+11
2.170657030806376343e+11
2.544030023873824158e+11
2.896867204929247437e+11
3.220727087837407837e+11
3.510020522996367188e+11
3.761631977476970825e+11
3.974457800621472168e+11
4.148941423743107300e+11
4.286650525073521118e+11
4.389916939584132690e+11
4.461544740673775635e+11
4.504583122182455444e+11
4.522156339756574707e+11
4.517341380118319092e+11
4.493084046125346680e+11
4.452145000559379272e+11
4.397068519966610107e+11
4.330167990049884644e+11
4.253523375502062988e+11
4.168986950371054077e+11
4.078194458346694336e+11
3.982579590059177246e+11
3.883390233614993286e+11
3.781705396988270874e+11
3.678452038836696777e+11
3.574421298317600708e+11
3.470283802358125610e+11
3.366603865428874512e+11
3.263852494277518311e+11
3.162419177897008057e+11
3.062622488788722534e+11
2.964719551138922729e+11
2.868914449332306519e+11
2.775365659629237671e+11
2.684192591374087830e+11
2.595481323637254028e+11
2.509289620102979431e+11
2.425651300290245972e+11
2.344580039548287659e+11
2.266072664193519592e+11
2.190112002004663391e+11
2.116669342285458679e+11
2.045706553992917480e+11
1.977177905091075745e+11
1.911031621383013000e+11
1.847211218594408264e+11
1.785656637444916382e+11
1.726305207815682983e+11
1.669092464889429932e+11
1.613952837266967468e+11
1.560820224524411621e+11
1.509628479434322510e+11
1.460311808105111389e+11
1.412805099562605896e+11
1.367044194784121399e+11
1.322966103871149445e+11
1.280509178890361481e+11
1.239613248903749084e+11
1.200219722830979004e+11
1.162271665021276855e+11
1.125713847747821350e+11
1.090492784259080811e+11
1.056556745519851837e+11
1.023855763338705292e+11
9.923416222010272217e+10
9.619678417990066528e+10
9.326896519655104065e+10
9.044639614741897583e+10
8.772493219538891602e+10
8.510058879828300476e+10
8.256953742676573181e+10
8.012810106761991882e+10
7.777274957732218933e+10
7.550009494067408752e+10
7.330688648043086243e+10
7.119000605622119141e+10
6.914646328461314392e+10
6.717339080649362946e+10
6.526803962319969177e+10
6.342777451865478516e+10
6.165006958130467987e+10
5.993250383659824371e+10
5.827275699825033569e+10
