0.000000000000000000e+00
2.439630171880282872e-39
1.227372617792479580e-11
1.205772999996991730e-02
2.756520499804038309e+02
9.348606371686431521e+04
3.981637504649496637e+06
5.276254534530655295e+07
3.409377582420199513e+08
1.375453862214578867e+09
4.012221522704267979e+09
9.281875495877889633e+09
1.809996966995804977e+10
3.102029953091777039e+10
4.812297265256959534e+10
6.903817979303317261e+10
9.305678662292984009e+10
1.192721734091783142e+11
1.467131514186584473e+11
1.744473322059519043e+11
2.016494398679307251e+11
2.276379015009605408e+11
2.518868266813108826e+11
2.740210837067678223e+11
2.938011793953967896e+11
3.111030848382535400e+11
3.258965871728069458e+11
3.382244368639348145e+11
3.481835691285261230e+11
3.559089855761154785e+11
3.615604319217175293e+11
3.653117381266392212e+11
3.673425441183663940e+11
3.678320742972498169e+11
3.669546156694551392e+11
3.648763755508607788e+11
3.617534306740562744e+11
3.577305209029188843e+11
3.529404820743218994e+11
3.475041507063433838e+11
3.415306070102464600e+11
3.351176513788555298e+11
3.283524334236663818e+11
3.213121721236318359e+11
3.140649212858110352e+11
3.066703468852241211e+11
2.991804925051936035e+11
2.916405165404273071e+11
2.840893904865028687e+11
2.765605518875762329e+11
2.690825086522082520e+11
2.616793937210443420e+11
2.543714706794908752e+11
2.471755920106946106e+11
2.401056124042228088e+11
2.331727599711304321e+11
2.263859684424942627e+11
2.197521735040308838e+11
2.132765763886307373e+11
2.069628777452329102e+11
2.008134846516896362e+11
1.948296934595644226e+11
1.890118509643270264e+11
1.833594961944581909e+11
1.778714849149497986e+11
1.725460987487770996e+11
1.673811406378639832e+11
1.623740181939755859e+11
1.575218163315408325e+11
1.528213604284374695e+11
1.482692711274187317e+11
1.438620117697653198e+11
1.395959293430674438e+11
1.354672897263883209e+11
1.314723079273025055e+11
1.276071739259146271e+11
1.238680746699978333e+11
1.202512127021475220e+11
1.167528218434701843e+11
1.133691803083936768e+11
1.100966215805988464e+11
1.069315433409155121e+11
1.038704147029219971e+11
1.009097819813168488e+11
9.804627319075373840e+10
9.527660144875476074e+10
9.259756743501098633e+10
9.000606104070700073e+10
8.749906232475141907e+10
8.507364187939237976e+10
8.272696069473913574e+10
8.045626960036563110e+10
7.825890835226783752e+10
7.613230442461813354e+10
7.407397155807557678e+10
7.208150810959927368e+10
7.015259524278466797e+10
6.828499499249216461e+10
6.647654823291923523e+10
6.472517257430510712e+10
