0.000000000000000000e+00
0.000000000000000000e+00
0.000000000000000000e+00
7.520210569170760153e-271
2.499437903832982134e-200
4.542734382380559706e-158
6.038102352167825645e-130
6.741248878040103955e-110
6.792270356110175004e-95
2.983609359145512526e-83
5.849803973425576242e-74
2.248417962232490908e-66
4.541737030979074565e-60
9.539798026903294301e-55
3.391659732291703835e-50
2.916888815584641816e-46
7.930555256086240067e-43
8.363688070048953086e-40
4.010956333332257476e-37
9.915661401673450935e-35
1.396872236044327401e-32
1.216088863084596287e-30
6.990835460418562463e-29
2.802842536879166529e-27
8.202458570520173810e-26
1.820338224393632736e-24
3.164030244181645453e-23
4.427265432518745844e-22
5.105588811585498018e-21
4.951772911703432219e-20
4.110432856396871664e-19
2.965127838179687859e-18
1.883695703177994584e-17
1.066263636719183460e-16
5.433471646701361967e-16
2.515391979928900041e-15
1.066503239566510996e-14
4.171347948357028155e-14
1.514765594968903036e-13
5.136612426198207314e-13
1.635027677659968111e-12
4.908209517086822182e-12
1.395430636334326384e-11
3.771774852964803617e-11
9.726312151235099978e-11
2.400450114870111771e-10
5.686377282311233047e-10
1.296360910744772102e-09
2.851122168033446670e-09
6.062772360014762186e-09
1.249051531478102287e-08
2.497820026157277843e-08
4.857002791153120027e-08
9.198127462005124823e-08
1.699025270547973018e-07
3.065263964157225878e-07
5.408276227028027272e-07
9.343055711524793581e-07
1.582116514658404469e-06
2.628785025193324605e-06
4.289991204065393771e-06
6.882283643015866842e-06
1.086296522436334925e-05
1.688283621657909317e-05
2.585495031522091135e-05
3.904303563733620684e-05
5.817374321958463762e-05
8.557739723453789034e-05
1.243624191194295779e-04
1.786290659958709862e-04
2.537285452545505427e-04
3.565739248905589994e-04
4.960095364152241433e-04
6.832457482691937532e-04
9.323660585485140295e-04
1.260913404588564915e-03
1.690562404169077600e-03
2.247883922388782974e-03
2.965207896389178248e-03
3.881589747204272807e-03
5.043884967571972411e-03
6.507935603351548692e-03
8.339871354158690658e-03
1.061752691870652097e-02
1.343197601738544723e-02
1.688918125618290786e-02
2.111175767113015675e-02
2.624084643125678198e-02
3.243809380138719389e-02
3.988772909511182491e-02
4.879873400372624487e-02
5.940709438899761247e-02
7.197812439535634932e-02
8.680885158817872038e-02
1.042304507751689174e-01
1.246107132314694665e-01
1.483565372379546110e-01
1.759164251657794609e-01
2.077829718061634523e-01
2.444953282574327258e-01
