0.000000000000000000e+00
3.277459602796206852e-17
8.479149683538595994e-01
1.354999924471222912e+05
3.902182396633724123e+07
9.546233672875000238e+08
7.028622559947241783e+09
2.654693953425419235e+10
6.684786358474486542e+10
1.294836223119971008e+11
2.098953489706979370e+11
3.001375393935567017e+11
3.918582134895847778e+11
4.781778687125288696e+11
5.543932142058712158e+11
6.179139064976741943e+11
6.678448514852615967e+11
7.044845660735690918e+11
7.288755708148713379e+11
7.424552435991850586e+11
7.468096980989254150e+11
7.435141680267735596e+11
7.340386435198587646e+11
7.196992403473051758e+11
7.016397137728569336e+11
6.808316362116386719e+11
6.580852498024733887e+11
6.340656895967041016e+11
6.093112128171177979e+11
5.842514101255585938e+11
5.592242677944114990e+11
5.344915241650530396e+11
5.102521195252483521e+11
4.866537483743867188e+11
4.638026381702575073e+11
4.417717340433260498e+11
4.206074879687982788e+11
4.003354487456513062e+11
3.809648355766982422e+11
3.624922591302543335e+11
3.449047333353480225e+11
3.281821009110509033e+11
3.122989768663732910e+11
2.972262974392524414e+11
2.829325473172782593e+11
2.693847254436160278e+11
2.565490990948847656e+11
2.443917870131249695e+11
2.328792049587876587e+11
2.219784009109892883e+11
2.116573020784724426e+11
2.018848917245418701e+11
1.926313304008480225e+11
1.838680333983733521e+11
1.755677139502315979e+11
1.677043998687361450e+11
1.602534297922114868e+11
1.531914339928283081e+11
1.464963037030534058e+11
1.401471521131979980e+11
1.341242695404012604e+11
1.284090747424660950e+11
1.229840639243733368e+11
1.178327586423896179e+11
1.129396535348218231e+11
1.082901645870460052e+11
1.038705784612232666e+11
9.966800327969682312e+10
9.567032113865377808e+10
9.186614253970010376e+10
8.824476285700985718e+10
8.479612090307836914e+10
8.151075961373303223e+10
7.837978884067765808e+10
7.539485021533378601e+10
7.254808402966276550e+10
6.983209806660276794e+10
6.723993830369052887e+10
6.476506140764234924e+10
6.240130893422574615e+10
6.014288314638079834e+10
5.798432436355535126e+10
5.592048975641539001e+10
5.394653350310814667e+10
5.205788822590618134e+10
5.025024763010103607e+10
4.851955027040634918e+10
4.686196437362669373e+10
4.527387364998804474e+10
4.375186402914406586e+10
4.229271126048318481e+10
4.089336932086376953e+10
3.955095957635398865e+10
3.826276064781918335e+10
3.702619893337731934e+10
3.583883974374828339e+10
3.469837900937986755e+10
3.360263552094717789e+10
3.254954366736720657e+10
3.153714663789025879e+10
