0.000000000000000000e+00
8.103000711844952807e-32
6.295978804873089193e-08
3.253243191763942388e+00
1.698742002010660508e+04
2.371884550743748434e+06
5.586485723249102384e+07
4.846676829153717756e+08
2.278726432485804081e+09
7.177178233033120155e+09
1.717156272496762657e+10
3.377298401563453674e+10
5.752026320959568787e+10
8.790323619082432556e+10
1.235974595523700714e+11
1.628231467011633606e+11
2.036845382443418884e+11
2.444200367425852356e+11
2.835499124253668823e+11
3.199379283350792236e+11
3.527927051346743774e+11
3.816332407019194336e+11
4.062373800156793213e+11
4.265858686256294556e+11
4.428094850505418091e+11
4.551430319122383423e+11
4.638875426491179810e+11
4.693806289798025513e+11
4.719741482451547852e+11
4.720180610447227783e+11
4.698492983918695679e+11
4.657845434967020264e+11
4.601159806503941040e+11
4.531092281192055054e+11
4.450028294578606567e+11
4.360088168771507568e+11
4.263139773316144409e+11
4.160815469764426270e+11
4.054531347131456299e+11
3.945507336184838867e+11
3.834787231520322876e+11
3.723257979597310181e+11
3.611667832535230713e+11
3.500643141647479248e+11
3.390703687672808838e+11
3.282276529335153198e+11
3.175708408223449097e+11
3.071276783718680420e+11
2.969199592626304932e+11
2.869643838662461548e+11
2.772733120231353149e+11
2.678554203397839050e+11
2.587162742321499939e+11
2.498588242921083069e+11
2.412838358044514465e+11
2.329902594534135437e+11
2.249755504710266113e+11
2.172359427201649475e+11
2.097666834902662659e+11
2.025622341217099304e+11
1.956164409697065430e+11
1.889226806715590515e+11
1.824739831898919373e+11
1.762631356669214172e+11
1.702827697363019714e+11
1.645254345963681030e+11
1.589836578467782288e+11
1.536499958259154663e+11
1.485170749546911011e+11
1.435776253900949097e+11
1.388245081155279846e+11
1.342507364413820953e+11
1.298494927560148773e+11
1.256141412512940369e+11
1.215382372465199280e+11
1.176155336474309235e+11
1.138399850015509491e+11
1.102057495459506683e+11
1.067071895870940247e+11
1.033388705035877380e+11
1.000955586206963043e+11
9.697221816900439453e+10
9.396400750831306458e+10
9.106627477086215210e+10
8.827455305459823608e+10
8.558455527724833679e+10
8.299216878461323547e+10
8.049344979175111389e+10
7.808461772293386841e+10
7.576204950531027222e+10
7.352227386190341187e+10
7.136196564148353577e+10
6.927794021601570129e+10
6.726714797055858612e+10
6.532666890544466400e+10
6.345370736638047028e+10
6.164558691446440125e+10
5.989974534510819244e+10
5.821372986223208618e+10
5.658519241199769592e+10
