0.000000000000000000e+00
4.760308083513607497e-40
5.469854249740296582e-12
7.089837817471284116e-03
1.862438433460959573e+02
6.866526408032790641e+04
3.092152497147340793e+06
4.264169370562865585e+07
2.839080226306020617e+08
1.172366744955688953e+09
3.484182620329037189e+09
8.184329912073403358e+09
1.616425562822841644e+10
2.800315863174986267e+10
4.384605260504429626e+10
6.340902719958490753e+10
8.607158642944683838e+10
1.110052048018188477e+11
1.372990063604687042e+11
1.640609677329510193e+11
1.904874702469912415e+11
2.159029623081652222e+11
2.397756667773305969e+11
2.617162973567296143e+11
2.814660974625692749e+11
2.988791923394484253e+11
3.139028291247658081e+11
3.265578452341790161e+11
3.369207451531147461e+11
3.451080769376627197e+11
3.512633394905205078e+11
3.555463664896529541e+11
3.581249729472758789e+11
3.591685751121671753e+11
3.588434731078093262e+11
3.573094964316047363e+11
3.547177403525469971e+11
3.512091566877358398e+11
3.469137994756758423e+11
3.419505612940883179e+11
3.364272676462888794e+11
3.304410242671147461e+11
3.240787353008164673e+11
3.174177293528613892e+11
3.105264458565122681e+11
3.034651465229833984e+11
2.962866263595783081e+11
2.890369063003715820e+11
2.817558953059383545e+11
2.744780141978105164e+11
2.672327767922653503e+11
2.600453263244561462e+11
2.529369269039082031e+11
2.459254109708745422e+11
2.390255845552920532e+11
2.322495926728829651e+11
2.256072475041697388e+11
2.191063221499540100e+11
2.127528127877802124e+11
2.065511720028821411e+11
2.005045159599199829e+11
1.946148079393693542e+11
1.888830205983669739e+11
1.833092791415702209e+11
1.778929874106568298e+11
1.726329387268065796e+11
1.675274131526094666e+11
1.625742626807955322e+11
1.577709857082134399e+11
1.531147920153987122e+11
1.486026593451584473e+11
1.442313825574919128e+11
1.399976162327689514e+11
1.358979114995241241e+11
1.319287477773017731e+11
1.280865600474183197e+11
1.243677621952793427e+11
1.207687669058213196e+11
1.172860025381930084e+11
1.139159273565029144e+11
1.106550414494716034e+11
1.074998966328254852e+11
1.044471045935851135e+11
1.014933435046662140e+11
9.863536331095184326e+10
9.586998986394975281e+10
9.319412806066642761e+10
9.060476412363865662e+10
8.809896714220231628e+10
8.567388998050518799e+10
8.332676964465457153e+10
8.105492718996371460e+10
7.885576723914801025e+10
7.672677717334080505e+10
7.466552605001098633e+10
7.266966329486505127e+10
7.073691720877323914e+10
6.886509332533450317e+10
6.705207265003737640e+10
6.529580980775447845e+10
