0.000000000000000000e+00
1.954039514582744246e-41
1.126488759734694289e-12
2.508704790644687363e-03
8.644623677026453379e+01
3.751694219618166971e+04
1.883759113804114982e+06
2.808016930494177714e+07
1.982056805057946146e+08
8.565506764157544374e+08
2.640001108218875885e+09
6.389030091266469002e+09
1.293618877911062431e+10
2.288769051040854645e+10
3.648959471686790466e+10
5.360334749013955688e+10
7.376598520905468750e+10
9.629354563294287109e+10
1.203916538564709625e+11
1.452507498678965454e+11
1.701162125955813599e+11
1.943324358616535034e+11
2.173646304435235291e+11
2.388038627860647583e+11
2.583608102237240601e+11
2.758528428470902710e+11
2.911879166695499268e+11
3.043476920424219360e+11
3.153714074055457153e+11
3.243413720687039185e+11
3.313704738571779175e+11
3.365917904236068115e+11
3.401502066050237427e+11
3.421958389856095581e+11
3.428790246305297241e+11
3.423466227848536377e+11
3.407393913135688477e+11
3.381902237221141357e+11
3.348230612244759521e+11
3.307523235165337524e+11
3.260827293829725342e+11
3.209094028634211426e+11
3.153181819851702271e+11
3.093860650233713989e+11
3.031817440968951416e+11
2.967661879889808350e+11
2.901932457753145752e+11
2.835102505215285034e+11
2.767586083253317261e+11
2.699743626304328613e+11
2.631887272949850769e+11
2.564285845787057800e+11
2.497169462029516602e+11
2.430733770885109253e+11
2.365143824074671021e+11
2.300537592952566833e+11
2.237029150349361877e+11
2.174711538079140320e+11
2.113659342515944214e+11
2.053931001118712769e+11
1.995570862550306396e+11
1.938611022316684570e+11
1.883072954806790771e+11
1.828968961369075623e+11
1.776303452707469788e+11
1.725074082480227661e+11
1.675272747595318604e+11
1.626886469340518799e+11
1.579898168191989136e+11
1.534287343925078735e+11
1.490030671511724548e+11
1.447102522235737305e+11
1.405475418488744812e+11
1.365120429824883881e+11
1.326007517047625122e+11
1.288105830374156342e+11
1.251383967062705231e+11
1.215810193297958679e+11
1.181352634595512848e+11
1.147979438510803223e+11
1.115658913010293732e+11
1.084359643481611176e+11
1.054050591019929657e+11
1.024701174323803711e+11
9.962813372649969482e+10
9.687616039564518738e+10
9.421131229297715759e+10
9.163077018441224670e+10
8.913178339810285950e+10
8.671167176304731750e+10
8.436782693418191528e+10
8.209771318962518311e+10
7.989886777543391418e+10
7.776890086400970459e+10
7.570549518425752258e+10
7.370640537445169067e+10
7.176945710234440613e+10
6.989254599158969116e+10
6.807363638849946594e+10
6.631075999889080048e+10
