0.000000000000000000e+00
1.200994754588275480e-22
1.959699626816952586e-03
2.725872866355135557e+03
2.323348766327684280e+06
1.091229357155628353e+08
1.241897014432617188e+09
6.404700419374447823e+09
2.037716778065484238e+10
4.735396652730323792e+10
8.881181871629576111e+10
1.430991942522009888e+11
2.063817453113515625e+11
2.739743929753420715e+11
3.414142865551382446e+11
4.050765335477459106e+11
4.623928757336724854e+11
5.118134419448096924e+11
5.526397954116082764e+11
5.848173665135612793e+11
6.087371015261391602e+11
6.250688950147674561e+11
6.346329650018223877e+11
6.383068504050476074e+11
6.369621841730338135e+11
6.314246098363480225e+11
6.224507465686099854e+11
6.107171513503973389e+11
5.968173506798609619e+11
5.812640244122525635e+11
5.644942531058604736e+11
5.468763829492525635e+11
5.287175413300278931e+11
5.102711821733295288e+11
4.917442835999700317e+11
4.733039873289080200e+11
4.550835805482323608e+11
4.371877928193279419e+11
4.196974249700949707e+11
4.026733526118938599e+11
3.861599601233914185e+11
3.701880660612755127e+11
3.547774010112824097e+11
3.399386959388626099e+11
3.256754345094529419e+11
3.119853175174765625e+11
2.988614820571743774e+11
2.862935127291783447e+11
2.742682771990516663e+11
2.627706139035514221e+11
2.517838956717100525e+11
2.412904894862614746e+11
2.312721295304299622e+11
2.217102180068056335e+11
2.125860659357000732e+11
2.038810841961907654e+11
1.955769334207589722e+11
1.876556399555728149e+11
1.800996839168543396e+11
1.728920643780519409e+11
1.660163458851087646e+11
1.594566897937495117e+11
1.531978733328751221e+11
1.472252988040018005e+11
1.415249949132472534e+11
1.360836118866280518e+11
1.308884117306765137e+11
1.259272547595347748e+11
1.211885833086478119e+11
1.166614033879107361e+11
1.123352648878393097e+11
1.082002408365778198e+11
1.042469061093969879e+11
1.004663159127517395e+11
9.684998429889668274e+10
9.338986291263407898e+10
9.007832012678129578e+10
8.690812068601092529e+10
8.387240594838427734e+10
8.096467478913002014e+10
7.817876521103822327e+10
7.550883668949676514e+10
7.294935326708064270e+10
7.049506740199690247e+10
6.814100456643849182e+10
6.588244858428743744e+10
6.371492769261969757e+10
6.163420130759136200e+10
5.963624747247365570e+10
5.771725096362187958e+10
5.587359202877536011e+10
5.410183573132653809e+10
5.239872187380616760e+10
5.076115547379389191e+10
4.918619776575002289e+10
4.767105770267460632e+10
4.621308393216302490e+10
4.480975722214528656e+10
4.345868331244427490e+10
4.215758616917688751e+10
