0.000000000000000000e+00
3.634801975841430344e-13
5.689003155301917758e+01
1.637361356700886507e+06
1.996257577681342959e+08
2.913157740150349617e+09
1.519192835628925323e+10
4.483752727787046051e+10
9.382106864277125549e+10
1.573394305422235413e+11
2.272655103281590576e+11
2.957111554697495117e+11
3.568956056251548462e+11
4.075192519922487793e+11
4.463581485237255249e+11
4.736272864054266968e+11
4.903923727535201416e+11
4.981261580313807373e+11
4.984136492775752563e+11
4.927766455270892334e+11
4.825824308798565674e+11
4.690067893694870605e+11
4.530293966099009399e+11
4.354467703008242188e+11
4.168933966035732422e+11
3.978654361837090454e+11
3.787438981871905518e+11
3.598157239766328125e+11
3.412921500181504517e+11
3.233242440112142334e+11
3.060157831858195801e+11
2.894337690994439087e+11
2.736169130528281555e+11
2.585824197772067871e+11
2.443313679168595581e+11
2.308529476962308350e+11
2.181277765672655334e+11
2.061304764565503235e+11
1.948316632074643555e+11
1.841994704690213013e+11
1.742007065092226868e+11
1.648017228072420349e+11
1.559690572675953674e+11
1.476699019465645752e+11
1.398724347698730164e+11
1.325460463927728119e+11
1.256614867180003815e+11
1.191909503153537140e+11
1.131081158087329254e+11
1.073881509921409760e+11
1.020076928272542725e+11
9.694480941867201233e+10
9.217894944443774414e+10
8.769088324751751709e+10
8.346263879624470520e+10
7.947743494059556580e+10
7.571961378086094666e+10
7.217457348987945557e+10
6.882870256068757629e+10
6.566931616575186920e+10
6.268459509399916077e+10
5.986352756348012543e+10
5.719585407960409546e+10
5.467201541265396881e+10
5.228310369675276947e+10
5.002081660018614197e+10
4.787741447962721252e+10
4.584568040498515320e+10
4.391888292462821198e+10
4.209074143051220703e+10
4.035539397763580322e+10
3.870736741095059967e+10
3.714154965436637878e+10
3.565316402005449677e+10
3.423774540120808029e+10
3.289111821736108017e+10
3.160937598788709259e+10
3.038886241616229630e+10
2.922615387384897995e+10
2.811804318171545410e+10
2.706152459021442795e+10
2.605377986964056015e+10
2.509216542601475906e+10
2.417420036486031723e+10
2.329755543073582458e+10
2.246004275574768066e+10
2.165960635528996658e+10
2.089431331396387482e+10
2.016234560898964310e+10
1.946199252250543213e+10
1.879164359790753555e+10
1.814978209888788223e+10
1.753497893304932022e+10
1.694588700496784401e+10
1.638123596632207108e+10
1.583982733324988174e+10
1.532052994343199730e+10
1.482227572755823135e+10
1.434405577181336975e+10
1.388491664984864616e+10
