0.000000000000000000e+00
4.591066168719269869e-45
1.792344988458786180e-14
1.642475327465138025e-04
1.150279436096339047e+01
7.645182086047654593e+03
5.101912659206012031e+05
9.320534946195725352e+06
7.664156141071265936e+07
3.730052983695194721e+08
1.264413097589446068e+09
3.307921034554769516e+09
7.147327971613928795e+09
1.336081350636044884e+10
2.233030809264584351e+10
3.417367520556107330e+10
4.874364011507768250e+10
6.567465829660710907e+10
8.445299607042536926e+10
1.044895928654910431e+11
1.251829749596951904e+11
1.459665566800939331e+11
1.663395989830131226e+11
1.858838607112935181e+11
2.042691118656021729e+11
2.212507956766875916e+11
2.366627182558169250e+11
2.504070378244008789e+11
2.624432077714271851e+11
2.727769899423947754e+11
2.814502281657607422e+11
2.885317565109684448e+11
2.941095969189609985e+11
2.982844568211531372e+11
3.011644499125835571e+11
3.028609159371948853e+11
3.034851951866034546e+11
3.031462106752637939e+11
3.019487186556057129e+11
2.999921014616058350e+11
2.973695924300139771e+11
2.941678388307593384e+11
2.904667241457658081e+11
2.863393850274711914e+11
2.818523705647470093e+11
2.770659020300006104e+11
2.720342001561773376e+11
2.668058543451211853e+11
2.614242142208078308e+11
2.559277887985396729e+11
2.503506424241732483e+11
2.447227797084200134e+11
2.390705140845800781e+11
2.334168164779710999e+11
2.277816419971399231e+11
2.221822336282514648e+11
2.166334027077898865e+11
2.111477865243078308e+11
2.057360838046825562e+11
2.004072691145995789e+11
1.951687873755835266e+11
1.900267297986256409e+11
1.849859925746722412e+11
1.800504196620699768e+11
1.752229309803110962e+11
1.705056372692293396e+11
1.658999428084772949e+11
1.614066371199071960e+11
1.570259766991688843e+11
1.527577577449694824e+11
1.486013807776474304e+11
1.445559079640770874e+11
1.406201138946989746e+11
1.367925304909690094e+11
1.330714866586826172e+11
1.294551432438914032e+11
1.259415237941695709e+11
1.225285415781658783e+11
1.192140232711139069e+11
1.159957296723242340e+11
1.128713737832176666e+11
1.098386365402702942e+11
1.068951804663192749e+11
1.040386614760395966e+11
1.012667390460820770e+11
9.857708493800488281e+10
9.596739064173892212e+10
9.343537368922885132e+10
9.097878297151177979e+10
8.859540317799688721e+10
8.628305846354119873e+10
8.403961543732243347e+10
8.186298555701226807e+10
7.975112700250361633e+10
7.770204609498493958e+10
7.571379831991827393e+10
7.378448900568397522e+10
7.191227370386776733e+10
7.009535831181217957e+10
6.833199897346469116e+10
