0.000000000000000000e+00
0.000000000000000000e+00
0.000000000000000000e+00
0.000000000000000000e+00
0.000000000000000000e+00
8.154674394981976616e-243
1.367851739224567663e-200
1.827032982297744626e-170
6.707034827322235404e-148
2.250406981698751851e-130
2.250018718172118629e-116
6.154949361502269778e-105
2.019389354008957170e-95
2.210164540764514691e-87
1.675221334791864868e-80
1.502200511797221607e-74
2.380982783713016273e-69
9.066655821133240920e-65
1.053008823218618332e-60
4.502917751071566648e-57
8.242026393631978372e-54
7.294141251961057378e-51
3.448231732372311584e-48
9.454530281802539176e-46
1.610177733256553272e-43
1.804231092997077535e-41
1.396475311804611246e-39
7.782053792554148853e-38
3.235135688856837325e-36
1.034453777685958325e-34
2.612490584012225258e-33
5.332576415841506787e-32
8.976644910189032435e-31
1.268453725560639518e-29
1.528263233830201765e-28
1.591785451689681684e-27
1.450984130097344985e-26
1.170257601149320660e-25
8.433083357893505037e-25
5.477522366096503715e-24
3.232197092068702074e-23
1.745073814717294409e-22
8.676049452914192174e-22
3.995311616121403232e-21
1.713152436553740399e-20
6.873032296544664827e-20
2.591281831565369039e-19
9.218024422411569261e-19
3.105377571204056199e-18
9.940521472977543395e-18
3.032973739482795082e-17
8.845711211588357233e-17
2.472550030038600649e-16
6.639908629814184506e-16
1.716964262557589823e-15
4.283987894053587011e-15
1.033388033401624444e-14
2.414280342121233597e-14
5.472018533560275115e-14
1.205090949013972094e-13
2.582472951950820442e-13
5.392435502607830890e-13
1.098546703060398744e-12
2.186011061254228536e-12
4.253728989996199365e-12
8.102597977993658190e-12
1.512312226151727791e-11
2.768352615956954575e-11
4.974397490729222206e-11
8.781184093612706608e-11
1.524028831848036796e-10
2.602410647459957997e-10
4.375205233996918398e-10
7.246728676292080362e-10
1.183238417369819527e-09
1.905639165502466262e-09
3.028903008811153402e-09
4.753703015910328935e-09
7.370462811271222031e-09
1.129475086364154540e-08
1.711475432554558807e-08
2.565429901442875493e-08
3.805567796573385456e-08
5.588747805533912705e-08
8.128366294896541483e-08
1.171213902777000485e-07
1.672464189488923336e-07
2.367565042439452583e-07
3.323548866605047752e-07
4.627878552474234372e-07
6.393824041309797592e-07
8.767021951880289566e-07
1.193342379794842977e-06
1.612886303803815018e-06
2.165049703984340809e-06
2.887040678833242848e-06
3.825166455887298562e-06
5.036720751895139320e-06
6.592188298657858168e-06
8.577805850422554350e-06
