0.000000000000000000e+00
1.912788112217476930e-43
1.138867525164379385e-13
5.552409500974753338e-04
2.833882350150270923e+01
1.557368359321944627e+04
9.154240397744354559e+05
1.527302705881538801e+07
1.173193760981149226e+08
5.414973801345846653e+08
1.759288446548331499e+09
4.445392697466890335e+09
9.330649375624732971e+09
1.701934786210755348e+10
2.785240464230506516e+10
4.185344258631134796e+10
5.875104797721881866e+10
7.804890051872598267e+10
9.911367083193202209e+10
1.212586644326921082e+11
1.438112138279769287e+11
1.661598472399720764e+11
1.877822883662192383e+11
2.082577864075912781e+11
2.272679738998596191e+11
2.445901683501437378e+11
2.600863196108682861e+11
2.736899900555473328e+11
2.853930101554583740e+11
2.952328468754362183e+11
3.032812679447830200e+11
3.096345654374748535e+11
3.144053910830389404e+11
3.177161263988370972e+11
3.196936395526414185e+11
3.204652490401187744e+11
3.201557076775479126e+11
3.188850289496643066e+11
3.167669944647743530e+11
3.139082015735874634e+11
3.104075312304750977e+11
3.063559362234794922e+11
3.018364680740015259e+11
2.969244768223497925e+11
2.916879315008837891e+11
2.861878204662625732e+11
2.804786001238839111e+11
2.746086681819728394e+11
2.686208436732664185e+11
2.625528408219477539e+11
2.564377276302903748e+11
2.503043630054683533e+11
2.441778085050984497e+11
2.380797124883347473e+11
2.320286657316171570e+11
2.260405284971453552e+11
2.201287297049467468e+11
2.143045393147157593e+11
2.085773153225944214e+11
2.029547269565998535e+11
1.974429557452246704e+11
1.920468761585717773e+11
1.867702174998339539e+11
1.816157086706305237e+11
1.765852073575863647e+11
1.716798150977702332e+11
1.668999795832272949e+11
1.622455854644517517e+11
1.577160348123746948e+11
1.533103183006948853e+11
1.490270780766381531e+11
1.448646631994153137e+11
1.408211784426938171e+11
1.368945271799995728e+11
1.330824490009814301e+11
1.293825526407412262e+11
1.257923447451071930e+11
1.223092549401131134e+11
1.189306576247763672e+11
1.156538908617833862e+11
1.124762727003625793e+11
1.093951152295696869e+11
1.064077366276594086e+11
1.035114714440375824e+11
1.007036793241957245e+11
9.798175236465927124e+10
9.534312126403303528e+10
9.278526041762725830e+10
9.030569208649766541e+10
8.790198975682551575e+10
8.557178079243556213e+10
8.331274847138102722e+10
8.112263348712927246e+10
7.899923498547979736e+10
7.694041120013380432e+10
7.494407974242141724e+10
7.300821759414904785e+10
7.113086084675016785e+10
6.931010422476934814e+10
6.754410042705260468e+10
