0.000000000000000000e+00
8.522153030313463753e-14
3.465969926568526915e+01
1.374272042259007692e+06
1.967352330495981276e+08
3.161736130886215210e+09
1.758441048899400711e+10
5.434177854318226624e+10
1.177008610467357483e+11
2.027555407667341614e+11
2.992186812035645752e+11
3.962236831355646973e+11
4.852343787669381104e+11
5.609306770275303955e+11
6.208948187766527100e+11
6.648472470330247803e+11
6.938612780176387939e+11
7.097319964453813477e+11
7.145340386929609375e+11
7.103428936314897461e+11
6.990778473399827881e+11
6.824272132951091309e+11
6.618251147124553223e+11
6.384580954666469727e+11
6.132872165632702637e+11
5.870766948073896484e+11
5.604238278138923340e+11
5.337873439931723633e+11
5.075128044286277466e+11
4.818545674565505371e+11
4.569943226653112793e+11
4.330564562346669922e+11
4.101206206587344360e+11
3.882319104750942383e+11
3.674090298023904419e+11
3.476508002465383301e+11
3.289413124393465576e+11
3.112539785375739746e+11
2.945547002419506836e+11
2.788043289793180542e+11
2.639605623066858826e+11
2.499793931784502869e+11
2.368162059899483337e+11
2.244265946734744873e+11
2.127669629636412048e+11
2.017949546939557190e+11
1.914697521258739014e+11
1.817522724066159058e+11
1.726052859333812866e+11
1.639934753626377258e+11
1.558834499929667969e+11
1.482437270635200500e+11
1.410446889824289551e+11
1.342585234972836914e+11
1.278591522359897766e+11
1.218221517957361908e+11
1.161246705718302765e+11
1.107453437425952606e+11
1.056642082177001801e+11
1.008626188808709564e+11
9.632316708632852173e+10
9.202960207957910156e+10
8.796675579018515015e+10
8.412047127278453064e+10
8.047753494220997620e+10
7.702561265012725830e+10
7.375318957747796631e+10
7.064951386350201416e+10
6.770454385401573944e+10
6.490889882541664124e+10
6.225381302390049744e+10
5.973109284940225983e+10
5.733307700918680573e+10
5.505259946539869690e+10
5.288295500328678894e+10
5.081786725131229401e+10
4.885145899039555359e+10
4.697822459660884857e+10
4.519300446928289795e+10
4.349096130454624939e+10
4.186755808244787598e+10
4.031853764391383362e+10
3.883990374176478577e+10
3.742790345767942047e+10
3.607901088442025757e+10
3.478991197965107727e+10
3.355749050437777710e+10
3.237881496532695007e+10
3.125112648650062561e+10
3.017182754068143082e+10
2.913847147683271408e+10
2.814875278416532898e+10
2.720049803811305237e+10
2.629165747761843109e+10
2.542029716699103928e+10
2.458459169916672897e+10
2.378281740048879623e+10
2.301334600019601440e+10
2.227463873061208344e+10
2.156524082663231659e+10
