0.000000000000000000e+00
5.579894484635439484e-39
1.847675533816343304e-11
1.577444945372462326e-02
3.361137433697264782e+02
1.092706438365042268e+05
4.524367105239738710e+06
5.875644062400566041e+07
3.739590793669810891e+08
1.490981529834913015e+09
4.308335947005025864e+09
9.890126604817993164e+09
1.916209407688394547e+10
3.266173403005733109e+10
5.043258282259860229e+10
7.205825202169587708e+10
9.678270110974853516e+10
1.236588542419646301e+11
1.516849995916312256e+11
1.799089827219115906e+11
2.074956201999558105e+11
2.337615120985203857e+11
2.581849737650146790e+11
2.803991672696441040e+11
3.001753269330821533e+11
3.174012850204171143e+11
3.320588687316231689e+11
3.442023929467885132e+11
3.539394694306696777e+11
3.614146609139862671e+11
3.667960650089300537e+11
3.702646525623288574e+11
3.720060511056456909e+11
3.722044123848709106e+11
3.710380014417215576e+11
3.686761712300014648e+11
3.652774267407086792e+11
3.609883269931978149e+11
3.559430167078138428e+11
3.502632191721503296e+11
3.440585564915315552e+11
3.374270927699819336e+11
3.304560200326416016e+11
3.232224263800655518e+11
3.157941015738406982e+11
3.082303476152457886e+11
3.005827714824298706e+11
2.928960445556824951e+11
2.852086188338466187e+11
2.775533942015278931e+11
2.699583340555998230e+11
2.624470287909424744e+11
2.550392081787657776e+11
2.477512047059899292e+11
2.405963706051391907e+11
2.335854516882402039e+11
2.267269212806472168e+11
2.200272775885356750e+11
2.134913077713858948e+11
2.071223218605716553e+11
2.009223594917689209e+11
1.948923722206283569e+11
1.890323839810447998e+11
1.833416320324326477e+11
1.778186905338441467e+11
1.724615786820080261e+11
1.672678551612427368e+11
1.622347004761336975e+11
1.573589885747713623e+11
1.526373490204024658e+11
1.480662208330268860e+11
1.436418989987219238e+11
1.393605745329656372e+11
1.352183688837989960e+11
1.312113633709120636e+11
1.273356242761438599e+11
1.235872241293857269e+11
1.199622596698868561e+11
1.164568669063727417e+11
1.130672336489246826e+11
1.097896098410142365e+11
1.066203159805857849e+11
1.035557498840534058e+11
1.005923920163061676e+11
9.772680958247261047e+10
9.495565955310063171e+10
9.227569077328498840e+10
8.968374528742597961e+10
8.717675899493928528e+10
8.475176173764924622e+10
8.240587690682749939e+10
8.013632064663548279e+10
7.794040072080212402e+10
7.581551510070216370e+10
7.375915032537376404e+10
7.176887967727284241e+10
6.984236121174450684e+10
6.797733567295830536e+10
6.617162432458859253e+10
6.442312671951849365e+10
