0.000000000000000000e+00
6.979451935130034983e-38
6.439804938786850157e-11
3.580683939996150145e-02
6.153545628646824071e+02
1.758030017216129054e+05
6.677653670915513299e+06
8.153412138275267184e+07
4.954535492093748450e+08
1.905462200361478567e+09
5.349418108672616005e+09
1.199327406367802811e+10
2.278353886190706253e+10
3.819185897531691742e+10
5.813355860413130951e+10
8.203682789974479675e+10
1.089942326609408722e+11
1.379319975991043091e+11
1.677560617228461304e+11
1.974574914591119080e+11
2.261759285962728577e+11
2.532280068858970947e+11
2.781103597444984131e+11
3.004864056042644043e+11
3.201643188100480957e+11
3.370715249934125977e+11
3.512292123340084839e+11
3.627289058734262085e+11
3.717121209233485107e+11
3.783534300004868774e+11
3.828468622216437988e+11
3.853953267598116455e+11
3.862026496238535767e+11
3.854677886250829468e+11
3.833808119544650879e+11
3.801202693635550537e+11
3.758516376366390381e+11
3.707265755839045410e+11
3.648827736379803467e+11
3.584442271437580566e+11
3.515217998942459106e+11
3.442139755140057373e+11
3.366077194928417358e+11
3.287793947753461914e+11
3.207956896097835083e+11
3.127145286036851807e+11
3.045859472978656006e+11
2.964529176343488159e+11
2.883521169449590454e+11
2.803146369237654419e+11
2.723666317935513000e+11
2.645299067903328857e+11
2.568224493758192139e+11
2.492589064041971436e+11
2.418510109409979858e+11
2.346079626527527466e+11
2.275367657293504944e+11
2.206425282213572083e+11
2.139287265128389893e+11
2.073974384371573486e+11
2.010495483007409363e+11
1.948849268242831726e+11
1.889025887530158997e+11
1.831008306362618408e+11
1.774773510352156677e+11
1.720293551916332397e+11
1.667536459790375061e+11
1.616467027641054993e+11
1.567047496285950012e+11
1.519238142410574951e+11
1.472997785221646729e+11
1.428284221167251892e+11
1.385054595680773315e+11
1.343265719859533386e+11
1.302874339053647614e+11
1.263837359512546997e+11
1.226112038497816315e+11
1.189656142619621582e+11
1.154428078575254822e+11
1.120386999958743286e+11
1.087492893358692780e+11
1.055706646565243073e+11
1.024990101355189514e+11
9.953060930175671387e+10
9.666184785089405823e+10
9.388921548898815918e+10
9.120930694839620972e+10
8.861882230160447693e+10
8.611456668251734924e+10
8.369344951046418762e+10
8.135248329980155945e+10
7.908878212698204041e+10
7.689955981740203857e+10
7.478212790600140381e+10
7.273389341814642334e+10
7.075235651098735046e+10
6.883510800977882385e+10
6.697982686882558441e+10
6.518427758232673645e+10
6.344630756671607971e+10
