0.000000000000000000e+00
2.286944623035352557e-31
1.048823466311713886e-07
4.540586564011958259e+00
2.169668881926162794e+04
2.872115883809111081e+06
6.528125412698483467e+07
5.521278943473995924e+08
2.546764318867387295e+09
7.902950151910835266e+09
1.868407837349163818e+10
3.639104533598664856e+10
6.147695830944817352e+10
9.330483677097892761e+10
1.304194741450781860e+11
1.709321457053381958e+11
2.128716926667092590e+11
2.544355874572108459e+11
2.941324220600037231e+11
3.308359484710831909e+11
3.637788668346978760e+11
3.925119528254080200e+11
4.168477002281395264e+11
4.368010529892002563e+11
4.525344690804990234e+11
4.643107930226470947e+11
4.724550133046535645e+11
4.773246001901596680e+11
4.792874292794052124e+11
4.787060374757706909e+11
4.759269470679495239e+11
4.712739098304987183e+11
4.650440920996218872e+11
4.575064010725589600e+11
4.489013198234250488e+11
4.394417638311557617e+11
4.293145923908316650e+11
4.186825051168234863e+11
4.076861295836293945e+11
3.964461643242311401e+11
3.850654852215493774e+11
3.736311557655833740e+11
3.622163052462349243e+11
3.508818557925917358e+11
3.396780909230258179e+11
3.286460662431754150e+11
3.178188681310525513e+11
3.072227294487006226e+11
2.968780130968352661e+11
2.868000750141580811e+11
2.770000183334760742e+11
2.674853500742618408e+11
2.582605511418184814e+11
2.493275696353309631e+11
2.406862466227390137e+11
2.323346826759874268e+11
2.242695526125085144e+11
2.164863750818982544e+11
2.089797428837189941e+11
2.017435192106286621e+11
1.947710043830857544e+11
1.880550770766604004e+11
1.815883135382782288e+11
1.753630878395269470e+11
1.693716558188982239e+11
1.636062250163029175e+11
1.580590125972009277e+11
1.527222929959744263e+11
1.475884367745440369e+11
1.426499419886675720e+11
1.378994591772179565e+11
1.333298109360151215e+11
1.289340069043307800e+11
1.247052548765850372e+11
1.206369686516795959e+11
1.167227731458268280e+11
1.129565072198877563e+11
1.093322246076648254e+11
1.058441932756860046e+11
1.024868934970027313e+11
9.925501487995797729e+10
9.614345255714517212e+10
9.314730270898652649e+10
9.026185756988973999e+10
8.748260004210005188e+10
8.480519802285908508e+10
8.222549853357687378e+10
7.973952172541593933e+10
7.734345482317488098e+10
7.503364605891931152e+10
7.280659863765322876e+10
7.065896476960928345e+10
6.858753979722771454e+10
6.658925643912052155e+10
6.466117916872470856e+10
6.280049874118068695e+10
6.100452687861926270e+10
5.927069112113669586e+10
5.759652984834429932e+10
5.597968747432402802e+10
