0.000000000000000000e+00
1.720987147086728241e-20
2.196565824647321932e-02
1.299037001052517189e+04
7.210585248755159788e+06
2.617026556716159284e+08
2.507414706449163914e+09
1.143345523372885895e+10
3.316493272115995026e+10
7.171916366289457703e+10
1.269755952413563538e+11
1.951604141918997498e+11
2.706057048273641968e+11
3.474655057251085205e+11
4.208102213808827515e+11
4.870816314280778198e+11
5.441084748800037231e+11
5.908941457731405029e+11
6.273270792604854736e+11
6.538992259930185547e+11
6.714707927693505859e+11
6.810913802882095947e+11
6.838736038408468018e+11
6.809097793651262207e+11
6.732212978455295410e+11
6.617314172022822266e+11
6.472540050946899414e+11
6.304925966089915771e+11
6.120457087378648682e+11
5.924156023876218262e+11
5.720186188045654297e+11
5.511958920519195557e+11
5.302237102494042969e+11
5.093231177933084106e+11
4.886685611422332764e+11
4.683955145840781860e+11
4.486071037896195068e+11
4.293797912212200928e+11
4.107682107709496460e+11
3.928092477399322510e+11
3.755254601225161133e+11
3.589279319009646606e+11
3.430186411470872803e+11
3.277924167258212891e+11
3.132385482556218872e+11
2.993421052569533081e+11
2.860850134062436523e+11
2.734469286392644043e+11
2.614059435421111145e+11
2.499391549993804321e+11
2.390231173740499268e+11
2.286342014940567322e+11
2.187488763341764526e+11
2.093439274284409180e+11
2.003966236531506348e+11
1.918848420164267273e+11
1.837871584176133728e+11
1.760829109464859619e+11
1.687522411339269409e+11
1.617761176040718994e+11
1.551363457804636536e+11
1.488155666384597778e+11
1.427972469497915649e+11
1.370656630136210785e+11
1.316058794956143341e+11
1.264037246890811920e+11
1.214457632588213196e+11
1.167192673198059692e+11
1.122121865314696503e+11
1.079131177476648254e+11
1.038112746471976471e+11
9.989645767548249817e+10
9.615902455114773560e+10
9.258986152870089722e+10
8.918035555776322937e+10
8.592236743831086731e+10
8.280820603841436768e+10
7.983060361460424805e+10
7.698269225402017212e+10
7.425798144100100708e+10
7.165033673790167236e+10
6.915395956001211548e+10
6.676336801699588013e+10
6.447337878771411896e+10
6.227908999142513275e+10
6.017586501565380096e+10
5.815931725944392395e+10
5.622529574988479614e+10
5.436987158964918518e+10
5.258932519362208557e+10
5.088013427344092560e+10
4.923896252977068329e+10
4.766264901340763092e+10
4.614819811767269135e+10
4.469277016609185791e+10
4.329367256089157867e+10
4.194835145946897888e+10
4.065438394757683563e+10
3.940947067960140991e+10
3.821142895781404877e+10
