0.000000000000000000e+00
1.285456283194215447e-38
2.791152807318783268e-11
2.068271174324648812e-02
4.104904816602165738e+02
1.278756553356521472e+05
5.146028166007468477e+06
6.548247210466717929e+07
4.104441373305472136e+08
1.617088002727493286e+09
4.628418827062447548e+09
1.054232287177336693e+10
2.029323749102403259e+10
3.439968597786098480e+10
5.286566843989176178e+10
7.522566885748391724e+10
1.006749771150984802e+11
1.282251517141353607e+11
1.568437850448377075e+11
1.855593248955144653e+11
2.135273867998680420e+11
2.400636169221076965e+11
2.646514484665744934e+11
2.869332036400192261e+11
3.066916157326868286e+11
3.238270319597915039e+11
3.383338508104941406e+11
3.502783665186488037e+11
3.597791783962510376e+11
3.669906323332758789e+11
3.720893263061221924e+11
3.752634614389558716e+11
3.767046961064869385e+11
3.766021175684453735e+11
3.751379512231254272e+11
3.724846596293163452e+11
3.688031276080557861e+11
3.642416771553596802e+11
3.589357014954302979e+11
3.530077487604099731e+11
3.465679214178894043e+11
3.397144875168372192e+11
3.325346244272951050e+11
3.251052355950722046e+11
3.174937965925013428e+11
3.097591990875728149e+11
3.019525708925151978e+11
2.941180575291954956e+11
2.862935562242899780e+11
2.785113973049924316e+11
2.707989709202907104e+11
2.631792991162767639e+11
2.556715547487742615e+11
2.482915296813193665e+11
2.410520553165922852e+11
2.339633788404701843e+11
2.270334986952538757e+11
2.202684627979180603e+11
2.136726329244654541e+11
2.072489185239027100e+11
2.009989830293771057e+11
1.949234255167251282e+11
1.890219403347515259e+11
1.832934571059117432e+11
1.777362632765447998e+11
1.723481111866189270e+11
1.671263114322912903e+11
1.620678141120757141e+11
1.571692793793217773e+11
1.524271385701177673e+11
1.478376470362136841e+11
1.433969296865497742e+11
1.391010201272745667e+11
1.349458941884331818e+11
1.309274985343319092e+11
1.270417749732501373e+11
1.232846810098230133e+11
1.196522071190152588e+11
1.161403911635327759e+11
1.127453303258982849e+11
1.094631908815908813e+11
1.062902161000624542e+11
1.032227325254541779e+11
1.002571548578886566e+11
9.738998962903144836e+10
9.461783784156340027e+10
9.193739672099903870e+10
8.934546070975239563e+10
8.683892181685189819e+10
8.441476942234071350e+10
8.207008962271232605e+10
7.980206419251947021e+10
7.760796922765724182e+10
7.548517352701721191e+10
7.343113676183763123e+10
7.144340747537995911e+10
6.951962094978007507e+10
6.765749697180644226e+10
6.585483752487390137e+10
6.410952443069615173e+10
