0.000000000000000000e+00
4.085473059539102110e-43
1.658797996930211090e-13
7.112291890462934477e-04
3.403598829517422786e+01
1.799442146731595858e+04
1.030739704270836082e+06
1.688223271228186786e+07
1.278947986642235070e+08
5.839723025936182737e+08
1.880962944706411839e+09
4.719332792882419586e+09
9.847360406646690369e+09
1.787232338539921570e+10
2.912323344757205963e+10
4.360074904809431458e+10
6.100495866050777435e+10
8.081065665803866577e+10
1.023589550165077209e+11
1.249429995412991943e+11
1.478760524161360474e+11
1.705383940309447327e+11
1.924045074797489624e+11
2.130543623539730225e+11
2.321732074725624695e+11
2.495439108002836914e+11
2.650351051190794067e+11
2.785875405323168945e+11
2.902002758406851196e+11
2.999177236675852051e+11
3.078181058730504761e+11
3.140035568100684814e+11
3.185919039212244263e+11
3.217100296900494385e+11
3.234886516909454956e+11
3.240583292089514771e+11
3.235465013314483032e+11
3.220753723960974731e+11
3.197604793021181030e+11
3.167097969470938110e+11
3.130232601455525513e+11
3.087926012046968384e+11
3.041014210470118408e+11
2.990254280490029907e+11
2.936327925864011230e+11
2.879845767881812134e+11
2.821352084395707397e+11
2.761329756103358154e+11
2.700205246856683960e+11
2.638353492994915771e+11
2.576102614371635742e+11
2.513738388858240967e+11
2.451508454312876282e+11
2.389626218717453003e+11
2.328274471552352295e+11
2.267608698444442749e+11
2.207760107447777100e+11
2.148838379609834900e+11
2.090934159225097351e+11
2.034121300761976318e+11
1.978458890174389648e+11
1.923993058406020813e+11
1.870758604547917175e+11
1.818780445451801453e+11
1.768074907748117981e+11
1.718650877234949341e+11
1.670510819564899597e+11
1.623651685093832703e+11
1.578065709705008240e+11
1.533741122403975525e+11
1.490662769507986145e+11
1.448812664339075012e+11
1.408170470474846802e+11
1.368713925820023346e+11
1.330419214033619690e+11
1.293261289179237823e+11
1.257214158859012299e+11
1.222251130538763733e+11
1.188345025272664642e+11
1.155468362584583435e+11
1.123593519856410217e+11
1.092692869208260193e+11
1.062738894528182373e+11
1.033704291014066772e+11
1.005562049328357849e+11
9.782855262306013489e+10
9.518485033432440186e+10
9.262252355184750366e+10
9.013904901076329041e+10
8.773195782849809265e+10
8.539883794465777588e+10
8.313733595858981323e+10
8.094515844441059875e+10
7.882007281394146729e+10
7.675990778973114014e+10
7.476255354299288940e+10
7.282596154480847168e+10
7.094814417310893250e+10
6.912717411287275696e+10
6.736118358239512634e+10
