0.000000000000000000e+00
9.600959627522304662e-45
2.584175866511712840e-14
2.090273184746194548e-04
1.375106772725710691e+01
8.802217799897407531e+03
5.728471966662303312e+05
1.027908733623779379e+07
8.339290239780406654e+07
4.016307611495773792e+08
1.350069029489646912e+09
3.507822864842779160e+09
7.535938609569430351e+09
1.401906476398097420e+10
2.333313772545292282e+10
3.557970656359878540e+10
5.058898439572203827e+10
6.797104126078754425e+10
8.718933184486070251e+10
1.076357486556282959e+11
1.286945479753862610e+11
1.497897689728801575e+11
1.704157387513718567e+11
1.901529744031525574e+11
2.086728516573752747e+11
2.257344540517534485e+11
2.411765504590842285e+11
2.549070013075542297e+11
2.668912504458277283e+11
2.771410074745905762e+11
2.857037924229597168e+11
2.926536974268742065e+11
2.980835012410880737e+11
3.020981307556005859e+11
3.048093790668566895e+11
3.063317451461324463e+11
3.067792425043374023e+11
3.062630236428733521e+11
3.048896765061793213e+11
3.027600638319812012e+11
2.999685930907104492e+11
2.966028216583307495e+11
2.927433178339417725e+11
2.884637127008972778e+11
2.838308903979141235e+11
2.789052750898091431e+11
2.737411819135572510e+11
2.683872065894843140e+11
2.628866344275859985e+11
2.572778543222603149e+11
2.515947672016002502e+11
2.458671814502040405e+11
2.401211902038100891e+11
2.343795272480317078e+11
2.286618996489801331e+11
2.229852962891485291e+11
2.173642722519492188e+11
2.118112095513829651e+11
2.063365550887082520e+11
2.009490369737812195e+11
1.956558605062897339e+11
1.904628851954665833e+11
1.853747842257586060e+11
1.803951877647069397e+11
1.755268114703483887e+11
1.707715714970623169e+11
1.661306872282302551e+11
1.616047728863020325e+11
1.571939190897392883e+11
1.528977653445360413e+11
1.487155643778306885e+11
1.446462391437042236e+11
1.406884332574577942e+11
1.368405555455319061e+11
1.331008193333254700e+11
1.294672770332849274e+11
1.259378505404597778e+11
1.225103578919156799e+11
1.191825366003258972e+11
1.159520640297988434e+11
1.128165751440071869e+11
1.097736779219130554e+11
1.068209667054056396e+11
1.039560337148340607e+11
1.011764789432574615e+11
9.847991861741673279e+10
9.586399239305400085e+10
9.332636943387973022e+10
9.086475350716975403e+10
8.847688721420915222e+10
8.616055546081425476e+10
8.391358826135140991e+10
8.173386295928291321e+10
7.961930593787614441e+10
7.756789388648126221e+10
7.557765468024961853e+10
7.364666792462394714e+10
7.177306521005468750e+10
6.995503011707281494e+10
6.819079800725677490e+10
