0.000000000000000000e+00
5.563105436238221332e-36
5.594080728458004567e-10
1.478313725770293852e-01
1.749661522970517581e+03
3.994931112638295162e+05
1.306559684067969024e+07
1.433454358721666038e+08
8.038389405479847193e+08
2.904121482967088223e+09
7.754986774902301788e+09
1.668822791914513397e+10
3.063702594910388184e+10
4.989116775503662109e+10
7.407909148300654602e+10
1.023117417523384857e+11
1.333929167164702301e+11
1.660226363503323059e+11
1.989550578401129761e+11
2.311004555932310486e+11
2.615769534097695312e+11
2.897242459443895874e+11
3.150922512411700439e+11
3.374155862468848267e+11
3.565818848445077515e+11
3.725992683707397461e+11
3.855661151390197754e+11
3.956447197320650024e+11
4.030394043308932495e+11
4.079790198383204346e+11
4.107034349523349609e+11
4.114534594832456665e+11
4.104636119882372437e+11
4.079571711680676880e+11
4.041430125644356079e+11
3.992138064839466553e+11
3.933452278483078613e+11
3.866958975028295898e+11
3.794078345712158203e+11
3.716072499579429321e+11
3.634055524540242920e+11
3.549004720458115234e+11
3.461772311233540039e+11
3.373097145160046997e+11
3.283616047398960571e+11
3.193874604830690308e+11
3.104337249904741821e+11
3.015396573102662964e+11
2.927381838673213501e+11
2.840566709694622803e+11
2.755176209676265869e+11
2.671392961449669800e+11
2.589362752082187195e+11
2.509199476507280884e+11
2.430989513698071899e+11
2.354795588393058472e+11
2.280660169273306580e+11
2.208608451572866821e+11
2.138650968726399536e+11
2.070785874071094666e+11
2.005000929999055786e+11
1.941275238418381653e+11
1.879580743002343750e+11
1.819883530538432312e+11
1.762144955750843506e+11
1.706322611278483276e+11
1.652371162038992310e+11
1.600243060996285095e+11
1.549889161357396545e+11
1.501259238442175598e+11
1.454302432880460510e+11
1.408967625378227539e+11
1.365203752040477448e+11
1.322960068131423645e+11
1.282186367171766357e+11
1.242833161410955658e+11
1.204851828951616211e+11
1.168194732135666351e+11
1.132815311213808594e+11
1.098668156805596313e+11
1.065709064205429688e+11
1.033895072193864594e+11
1.003184488667090149e+11
9.735369050942265320e+10
9.449132015469436646e+10
9.172755438138729858e+10
8.905873739097557068e+10
8.648133951124531555e+10
8.399195525066224670e+10
8.158730098779933167e+10
7.926421236848387146e+10
7.701964147310412598e+10
7.485065380757940674e+10
7.275442516377267456e+10
7.072823838832023621e+10
6.876948009308026123e+10
6.687563733521418762e+10
6.504429429056192780e+10
6.327312894010476685e+10
6.155990978603256989e+10
