0.000000000000000000e+00
1.890325459178742705e-42
3.543190470032000742e-13
1.172081407536218044e-03
4.925016486638064350e+01
2.408047520409463687e+04
1.309246296152203809e+06
2.065877104052171111e+07
1.521838809520311356e+08
6.798975925504137278e+08
2.152058025243001938e+09
5.322918570869957924e+09
1.097525800109193802e+10
1.971943349509500504e+10
3.185625979049068451e+10
4.733581114753830719e+10
6.579718984127480316e+10
8.665458247403688049e+10
1.091964043260722961e+11
1.326750170711734619e+11
1.563759333852610779e+11
1.796639037303504944e+11
2.020082198478807678e+11
2.229917089357109985e+11
2.423082557649297485e+11
2.597531289382720337e+11
2.752094727312950439e+11
2.886333829019326782e+11
3.000391680138413696e+11
3.094857586381981201e+11
3.170647624461647339e+11
3.228903471611383057e+11
3.270909325180317993e+11
3.298025555665560303e+11
3.311637149002826538e+11
3.313114786905631104e+11
3.303786441625069580e+11
3.284917521971644287e+11
3.257697832836624146e+11
3.223233857437483521e+11
3.182545113975587158e+11
3.136563561903082275e+11
3.086135230705737915e+11
3.032023413922329712e+11
2.974912913767849121e+11
2.915414939418267212e+11
2.854072357689852905e+11
2.791365071608735962e+11
2.727715363227530823e+11
2.663493084749005432e+11
2.599020618985535889e+11
2.534577558479647827e+11
2.470405073992740173e+11
2.406709958967126770e+11
2.343668348171122437e+11
2.281429117003721008e+11
2.220116973625311890e+11
2.159835259816603394e+11
2.100668478722357178e+11
2.042684568792429504e+11
1.985936943589779053e+11
1.930466316910783997e+11
1.876302332046745911e+11
1.823465013126214905e+11
1.771966055426240540e+11
1.721809970397648315e+11
1.672995099967277527e+11
1.625514513503644714e+11
1.579356799683100891e+11
1.534506764395858765e+11
1.490946044791522522e+11
1.448653648593279114e+11
1.407606426909798889e+11
1.367779487942558441e+11
1.329146558230148926e+11
1.291680297375606537e+11
1.255352571575677948e+11
1.220134690702166138e+11
1.185997613171472168e+11
1.152912122376505737e+11
1.120848978040217285e+11
1.089779045477714539e+11
1.059673405419698486e+11
1.030503446754227142e+11
1.002240944274600067e+11
9.748581232870732117e+10
9.483277127177616882e+10
9.226229881721405029e+10
8.977178062311326599e+10
8.735866311197290039e+10
8.502045547518331909e+10
8.275473110365676880e+10
8.055912852278041077e+10
7.843135190054862976e+10
7.636917118953184509e+10
7.437042195609429932e+10
7.243300494373808289e+10
7.055488541182873535e+10
6.873409228584057617e+10
6.696871715078472900e+10
