0.000000000000000000e+00
2.583910727458015632e-23
9.262431564086623772e-04
1.677871379075252662e+03
1.632646658932846738e+06
8.303711659230419993e+07
9.966144449786658287e+08
5.338885248125867844e+09
1.747803000458108902e+10
4.152956973996292877e+10
7.928688589695416260e+10
1.296275502378111115e+11
1.892384966184902039e+11
2.538143108276471252e+11
3.190934973819616699e+11
3.814979028516854248e+11
4.383980646156403198e+11
4.881214991316914673e+11
5.298222058517082520e+11
5.632975449434509277e+11
5.888040440342471924e+11
6.068974882954508057e+11
6.183060765493378906e+11
6.238363598581146240e+11
6.243075289412164307e+11
6.205083166378897705e+11
6.131709447702407227e+11
6.029573375672583008e+11
5.904537907405861816e+11
5.761712037646842041e+11
5.605487626699161377e+11
5.439595807111423950e+11
5.267172760542143555e+11
5.090828128939561768e+11
4.912711811297991333e+11
4.734576634483560181e+11
4.557835569704026489e+11
4.383612949247872925e+11
4.212789638253185425e+11
4.046042420145054321e+11
3.883878024883265381e+11
3.726662311082367554e+11
3.574645137839899292e+11
3.427981451460858154e+11
3.286749080934703369e+11
3.150963693849428711e+11
3.020591317802838745e+11
2.895558785326449585e+11
2.775762415287905884e+11
2.661075202027712708e+11
2.551352745753818665e+11
2.446438124144566345e+11
2.346165875616692505e+11
2.250365239043019104e+11
2.158862772532276611e+11
2.071484454838436584e+11
1.988057356693291016e+11
1.908410955495807190e+11
1.832378155027586670e+11
1.759796061905489807e+11
1.690506562064339600e+11
1.624356733467923279e+11
1.561199125267325439e+11
1.500891928599697266e+11
1.443299059997722168e+11
1.388290174834311218e+11
1.335740625256897125e+11
1.285531374574761200e+11
1.237548877979638824e+11
1.191684937736766357e+11
1.147836539527802429e+11
1.105905675410584564e+11
1.065799157848540802e+11
1.027428428417073669e+11
9.907093640923904419e+10
9.555620834456134033e+10
9.219107545805953979e+10
8.896834062540196228e+10
8.588117432864213562e+10
8.292309670997354126e+10
8.008796019951705933e+10
7.736993276011073303e+10
7.476348177733903503e+10
7.226335861092881775e+10
6.986458381401504517e+10
6.756243301900225067e+10
6.535242348269520569e+10
6.323030127859490967e+10
6.119202912059722137e+10
5.923377479960390472e+10
5.735190021256642914e+10
5.554295096210594940e+10
5.380364650396356201e+10
5.213087081906722260e+10
5.052166358686213684e+10
4.897321183661263275e+10
4.748284205375183868e+10
4.604801271876580811e+10
4.466630725671898651e+10
4.333542737619306183e+10
