0.000000000000000000e+00
1.427095787136243470e-47
1.021077333702553078e-15
2.483148658674111446e-05
2.836676646536862023e+00
2.529873715367481054e+03
2.054368482770824630e+05
4.318421644352708943e+06
3.945396950197545439e+07
2.084232385727757514e+08
7.544408250402076244e+08
2.082719235248582840e+09
4.706336135730863571e+09
9.138044550624351501e+09
1.577799754509207344e+10
2.483758340784136963e+10
3.631372369392114258e+10
5.000678323228288269e+10
6.556563419734029388e+10
8.254313848304537964e+10
1.004496462096410370e+11
1.187973963898567047e+11
1.371330731578773193e+11
1.550586640062751160e+11
1.722423198545118713e+11
1.884215033910950623e+11
2.034007078593517761e+11
2.170457230623855286e+11
2.292760098137452393e+11
2.400563284002074280e+11
2.493884046098593445e+11
2.573031274606470337e+11
2.638535557081994324e+11
2.691088562386445312e+11
2.731491942283127441e+11
2.760615302715146484e+11
2.779362429174458618e+11
2.788644776492086792e+11
2.789361187246403198e+11
2.782382836671058350e+11
2.768542481424567261e+11
2.748627191625419922e+11
2.723373854983007812e+11
2.693466849189022522e+11
2.659537378524494934e+11
2.622164060111660461e+11
2.581874423373973083e+11
2.539147053137163696e+11
2.494414163105661316e+11
2.448064433214096680e+11
2.400445982740219421e+11
2.351869382240880432e+11
2.302610632439960327e+11
2.252914058157026672e+11
2.202995081102399597e+11
2.153042847642089233e+11
2.103222697104281311e+11
2.053678463407944031e+11
2.004534608188962708e+11
1.955898187565628052e+11
1.907860657517742615e+11
1.860499524808066101e+11
1.813879851647059937e+11
1.768055623054257202e+11
1.723070986227033691e+11
1.678961371295739746e+11
1.635754502697071533e+11
1.593471310100396423e+11
1.552126747423486023e+11
1.511730528007355957e+11
1.472287783518432617e+11
1.433799653624554138e+11
1.396263812972727966e+11
1.359674941483220673e+11
1.324025143483174286e+11
1.289304320731974487e+11
1.255500503947138672e+11
1.222600147025027466e+11
1.190588387763088074e+11
1.159449278534646912e+11
1.129165990036351776e+11
1.099720990928795776e+11
1.071096205912517395e+11
1.043273154531797943e+11
1.016233072768431244e+11
9.899570192808917236e+10
9.644259679549581909e+10
9.396208882628425598e+10
9.155228147725968933e+10
8.921129070118907166e+10
8.693725007645054626e+10
8.472831517651142883e+10
8.258266726572273254e+10
8.049851639871119690e+10
7.847410399253509521e+10
7.650770493334980774e+10
7.459762927281677246e+10
7.274222356344479370e+10
7.093987187688095093e+10
6.918899654430059814e+10
