0.000000000000000000e+00
2.903342016433852393e-47
1.452792658273383258e-15
3.133522153083946664e-05
3.370641615541083880e+00
2.899348115370110008e+03
2.298266671610113408e+05
4.748482358457932249e+06
4.282492860896230489e+07
2.239621522634406090e+08
8.041723333391077518e+08
2.205389149494029045e+09
4.956150825162499428e+09
9.578303303059978485e+09
1.647210672400346375e+10
2.584039862146708679e+10
3.766524154464652252e+10
5.172892828651696014e+10
6.766190735128283691e+10
8.500038776166166687e+10
1.032411035446891632e+11
1.218862336030521088e+11
1.404759306622247620e+11
1.586088110431058655e+11
1.759522744201590271e+11
1.922450615042226562e+11
2.072944089036257324e+11
2.209698200702307129e+11
2.331950310848497314e+11
2.439393186809083252e+11
2.532089269435708008e+11
2.610390954279009705e+11
2.674869530908502502e+11
2.726253889117478638e+11
2.765379082018428955e+11
2.793144206296916504e+11
2.810478709718780518e+11
2.818316077955271606e+11
2.817573820554728394e+11
2.809138721096353760e+11
2.793856405285595093e+11
2.772524390020549927e+11
2.745887891395207825e+11
2.714637781056404419e+11
2.679410183122208252e+11
2.640787295479696655e+11
2.599299098886130066e+11
2.555425685146083984e+11
2.509599992551022644e+11
2.462210783880747375e+11
2.413605740816530762e+11
2.364094579825396423e+11
2.313952119590072021e+11
2.263421249915862732e+11
2.212715767646886597e+11
2.162023057249231262e+11
2.111506603035467529e+11
2.061308327055851135e+11
2.011550751937844849e+11
1.962338991780469360e+11
1.913762576926201782e+11
1.865897120269789734e+11
1.818805833940856934e+11
1.772540905858816833e+11
1.727144745939936218e+11
1.682651111735762329e+11
1.639086123076183167e+11
1.596469174942263489e+11
1.554813757351089172e+11
1.514128190530255432e+11
1.474416283124418945e+11
1.435677920628448792e+11
1.397909590696711731e+11
1.361104851446255035e+11
1.325254748361678162e+11
1.290348184924187775e+11
1.256372251631619568e+11
1.223312517649958191e+11
1.191153288942329407e+11
1.159877836356412964e+11
1.129468596815146942e+11
1.099907350450203705e+11
1.071175376235326080e+11
1.043253588423099518e+11
1.016122655855111237e+11
9.897631060069989014e+10
9.641554154377928162e+10
9.392800881423443604e+10
9.151177231496591187e+10
8.916490725702976990e+10
8.688550911701005554e+10
8.467169784336767578e+10
8.252162139803105164e+10
8.043345871017805481e+10
7.840542211108189392e+10
7.643575931146580505e+10
7.452275497617234802e+10
7.266473194508964539e+10
7.086005214390191650e+10
6.910711722352558899e+10
