0.000000000000000000e+00
8.995990945700898115e-44
7.836031830365289572e-14
4.340664263816038397e-04
2.361877104047752596e+01
1.348882652547165526e+04
8.134978839101318736e+05
1.382394902760787681e+07
1.076617751000631303e+08
5.022809536185018420e+08
1.645951819734042168e+09
4.188360817892921448e+09
8.842857470221530914e+09
1.620989595836466789e+10
2.664095550574220276e+10
4.018116471860919952e+10
5.658633143401630402e+10
7.538809134373831177e+10
9.597813467945945740e+10
1.176897408134852600e+11
1.398644030450798645e+11
1.618991775475570068e+11
1.832754195014040222e+11
2.035720961711739502e+11
2.224676640479854431e+11
2.397343021507392578e+11
2.552276437419077759e+11
2.688743762306201172e+11
2.806593594931895142e+11
2.906133202087845459e+11
2.988017300119942017e+11
3.053151555270177002e+11
3.102611547954777222e+11
3.137576617473579712e+11
3.159277254964067383e+11
3.168954360190828857e+11
3.167828582771463623e+11
3.157078030015432739e+11
3.137822771915505981e+11
3.111114762529416504e+11
3.077931996543998413e+11
3.039175912546703491e+11
2.995671230830518188e+11
2.948167568978363647e+11
2.897342311900422974e+11
2.843804325181689453e+11
2.788098193383282471e+11
2.730708740598222351e+11
2.672065651499427185e+11
2.612548059643651123e+11
2.552489008014657593e+11
2.492179716561751099e+11
2.431873614418361206e+11
2.371790111914582214e+11
2.312118100552622681e+11
2.253019178724423523e+11
2.194630607853865967e+11
2.137068008468001709e+11
2.080427808909113159e+11
2.024789461393795166e+11
1.970217441201507263e+11
1.916763045178026733e+11
1.864466005651116028e+11
1.813355935426171265e+11
1.763453618859588623e+11
1.714772163193353271e+11
1.667318023426219788e+11
1.621091913051319580e+11
1.576089612034470520e+11
1.532302682472371521e+11
1.489719101462303162e+11
1.448323819860190430e+11
1.408099254792596130e+11
1.369025723037955170e+11
1.331081821694734497e+11
1.294244761914407196e+11
1.258490660890243378e+11
1.223794796759657288e+11
1.190131830590835419e+11
1.157475999186695862e+11
1.125801282040278168e+11
1.095081545419165497e+11
1.065290666233775330e+11
1.036402638055065918e+11
1.008391661388810425e+11
9.812322200795483398e+10
9.548991455112271118e+10
9.293676700846051025e+10
9.046134712859419250e+10
8.806127075134114075e+10
8.573420466954847717e+10
8.347786886181234741e+10
8.129003817725146484e+10
7.916854354419309998e+10
7.711127276632575989e+10
7.511617096247764587e+10
7.318124069963603210e+10
7.130454186295645142e+10
6.948419130136289978e+10
6.771836228271918488e+10
