0.000000000000000000e+00
1.496155947312114185e-33
8.822945949427558725e-09
9.000584005236703655e-01
6.609906820839971260e+03
1.132875776845069369e+06
3.059507024869799614e+07
2.927178178200936317e+08
1.481147871143195152e+09
4.939642173414543152e+09
1.237195100194190788e+10
2.526288953578788376e+10
4.439323535270297241e+10
6.966302409374409485e+10
1.002009839650442505e+11
1.346271879344727936e+11
1.713414272648260193e+11
2.087608873964176941e+11
2.454796773912269897e+11
2.803534924232561646e+11
3.125262722147536621e+11
3.414183374495869751e+11
3.666927748639063721e+11
3.882124240584124146e+11
4.059955513564954224e+11
4.201748984947077026e+11
4.309623864928301392e+11
4.386201998348398438e+11
4.434380620378367310e+11
4.457160408745831909e+11
4.457520307471056519e+11
4.438330360573577271e+11
4.402294455107363281e+11
4.351915940653801270e+11
4.289480274788697510e+11
4.217049980090366821e+11
4.136468209734270020e+11
4.049368076897258301e+11
3.957185607084090576e+11
3.861174735258695679e+11
3.762423210395468140e+11
3.661868609189223022e+11
3.560313917397310181e+11
3.458442328626944580e+11
3.356831050663099365e+11
3.255964010421012573e+11
3.156243419755078735e+11
3.058000213110936890e+11
2.961503400170890503e+11
2.866968396681491699e+11
2.774564407949488525e+11
2.684420944619403076e+11
2.596633551202393494e+11
2.511268825821195679e+11
2.428368805805280151e+11
2.347954788848420105e+11
2.270030653959736328e+11
2.194585740758647156e+11
2.121597340045954590e+11
2.051032843169572449e+11
1.982851592616445923e+11
1.917006471539674072e+11
1.853445265608227539e+11
1.792111826644322510e+11
1.732947063979481812e+11
1.675889786298795471e+11
1.620877413924671631e+11
1.567846578992668762e+11
1.516733628760987854e+11
1.467475045347817688e+11
1.420007793476596680e+11
1.374269606305362854e+11
1.330199218098405762e+11
1.287736551345985565e+11
1.246822864929924927e+11
1.207400869054624481e+11
1.169414811895598297e+11
1.132810542250792847e+11
1.097535551898308716e+11
1.063539000858501434e+11
1.030771728319645996e+11
9.991862516033288574e+10
9.687367552159669495e+10
9.393790717431802368e+10
9.110706560962666321e+10
8.837705544020002747e+10
8.574393686411137390e+10
8.320392179771563721e+10
8.075336975787290955e+10
7.838878356146972656e+10
7.610680489994601440e+10
7.390420983724119568e+10
7.177790427198782349e+10
6.972491939785728455e+10
6.774240719033576202e+10
6.582763594310516357e+10
6.397798587301299286e+10
6.219094480889923859e+10
6.046410397646065521e+10
5.879515388862606049e+10
