0.000000000000000000e+00
4.302995304845178535e-41
1.665094910109765629e-12
3.243869615655212927e-03
1.045278049752863296e+02
4.357203245921448251e+04
2.129715386140739080e+06
3.114166495388231054e+07
2.166641702247229815e+08
9.258539861646660566e+08
2.828037610053079605e+09
6.793846871539427757e+09
1.367156546194480324e+10
2.406322733628131104e+10
3.819288069021545410e+10
5.588871376645187378e+10
7.665075602775108337e+10
9.976037370740357971e+10
1.243946699713381042e+11
1.497233770543880615e+11
1.749790490720416870e+11
1.995002332864883728e+11
2.227519089235013123e+11
2.443290611054821167e+11
2.639490820097758179e+11
2.814377125959857788e+11
2.967120408493561401e+11
3.097629598891203003e+11
3.206385847196194458e+11
3.294294527703842163e+11
3.362558659969342651e+11
3.412574296300376587e+11
3.445846620505057373e+11
3.463924549679479370e+11
3.468351242295590820e+11
3.460627879056986694e+11
3.442188248785421143e+11
3.414381939999697876e+11
3.378464245887055054e+11
3.335591197369102783e+11
3.286818424333320312e+11
3.233102798352870483e+11
3.175306027832619629e+11
3.114199559023118286e+11
3.050470286517501221e+11
2.984726698468850098e+11
2.917505178916783447e+11
2.849276266254534302e+11
2.780450726607638550e+11
2.711385346906321411e+11
2.642388387423561707e+11
2.573724659787773743e+11
2.505620215830119019e+11
2.438266646615766296e+11
2.371825000851915588e+11
2.306429338548886719e+11
2.242189940096928711e+11
2.179196193423426208e+11
2.117519183078516235e+11
2.057214005332477112e+11
1.998321832933818054e+11
1.940871752280657043e+11
1.884882394570324707e+11
1.830363381123926392e+11
1.777316601625050049e+11
1.725737342529998474e+11
1.675615281443150635e+11
1.626935361837675476e+11
1.579678561158301392e+11
1.533822564082570190e+11
1.489342351544625549e+11
1.446210715044842834e+11
1.404398704779070129e+11
1.363876019217094421e+11
1.324611342942961121e+11
1.286572638827055054e+11
1.249727399933983154e+11
1.214042865969687042e+11
1.179486208533313141e+11
1.146024688957799072e+11
1.113625792093007202e+11
1.082257339001822357e+11
1.051887581196167603e+11
1.022485278738058167e+11
9.940197642573234558e+10
9.664609946999275208e+10
9.397795924053933716e+10
9.139468769240235901e+10
8.889348888161648560e+10
8.647164065273112488e+10
8.412649573016232300e+10
8.185548229792663574e+10
7.965610414212298584e+10
7.752594042125805664e+10
7.546264512163670349e+10
7.346394624778434753e+10
7.152764479171417236e+10
6.965161351920223999e+10
6.783379560641458893e+10
6.607220315594098663e+10
