0.000000000000000000e+00
1.923928721374974223e-15
5.937437157738767901e+00
4.647832283995209727e+05
9.358211873806095123e+07
1.846217948521580696e+09
1.177434952970274162e+10
4.012934016786948395e+10
9.354732356230993652e+10
1.706374623046590576e+11
2.636208568501114197e+11
3.624141602179219971e+11
4.579005471065618896e+11
5.434837795212679443e+11
6.153201320469841309e+11
6.718707996869197998e+11
7.132448992915969238e+11
7.405814634439805908e+11
7.555646541682414551e+11
7.600842501428430176e+11
7.560191179954592285e+11
7.451125444333737793e+11
7.289107269254531250e+11
7.087418166286824951e+11
6.857192201476026611e+11
6.607581203529639893e+11
6.345981123525854492e+11
6.078276146653187256e+11
5.809075675181588135e+11
5.541931225399632568e+11
5.279527661042589722e+11
5.023847546949345703e+11
4.776309824210269165e+11
4.537885211993737793e+11
4.309191213488724976e+11
4.090569654274259644e+11
3.882149505897861938e+11
3.683897464727224731e+11
3.495658436664962158e+11
3.317187761727893066e+11
3.148176719390406494e+11
2.988272595147816162e+11
2.837094363477705078e+11
2.694244851132244873e+11
2.559320084512586670e+11
2.431916392045061951e+11
2.311635723152326965e+11
2.198089555951975708e+11
2.090901692935777893e+11
1.989710184723433838e+11
1.894168574094804077e+11
1.803946613829570618e+11
1.718730580706587524e+11
1.638223282925629272e+11
1.562143838052261963e+11
1.490227282406664734e+11
1.422224059848927307e+11
1.357899427534692078e+11
1.297032807920633240e+11
1.239417109679994507e+11
1.184858034917964325e+11
1.133173385887398682e+11
1.084192381084610748e+11
1.037754987981209717e+11
9.937112775814457703e+10
9.519208043751591492e+10
9.122520139938122559e+10
8.745816798998913574e+10
8.387943696893962097e+10
8.047819410177195740e+10
7.724430667327648926e+10
7.416827884866261292e+10
7.124120978728402710e+10
6.845475439835559082e+10
6.580108661811996460e+10
6.327286508233637238e+10
6.086320106552191925e+10
5.856562855843735504e+10
5.637407635724128723e+10
5.428284204097175598e+10
5.228656771826160431e+10
5.038021742908899689e+10
4.855905609264604950e+10
4.681862989801628876e+10
4.515474803995084381e+10
4.356346570771659851e+10
4.204106824051730347e+10
4.058405636840998840e+10
3.918913246284992218e+10
3.785318772598358154e+10
3.657329025259111023e+10
3.534667390305821228e+10
3.417072793005986404e+10
3.304298730560510635e+10
3.196112369889113617e+10
3.092293705892036057e+10
2.992634775913451767e+10
2.896938926439141083e+10
2.805020128347608185e+10
2.716702337300234604e+10
