0.000000000000000000e+00
1.074067406810807586e-39
8.180465708086863525e-12
9.236439466253612909e-03
2.264130639842786650e+02
8.007515564451318642e+04
3.507258715365803335e+06
4.741577372832261026e+07
3.110257633995457292e+08
1.269538720005301714e+09
3.738101508852336407e+09
8.714280553377403259e+09
1.710214160341191864e+10
2.946931637418870163e+10
4.592968531598124695e+10
6.615756681148107147e+10
8.948899761668469238e+10
1.150568808695570526e+11
1.419203228585712280e+11
1.691670000000995178e+11
1.959821798658570557e+11
2.216869257309368896e+11
2.457519999626181335e+11
2.677948014835254822e+11
2.875658501324961548e+11
3.049298882913808594e+11
3.198451808670566406e+11
3.323433216485269775e+11
3.425108777449656982e+11
3.504735124471415405e+11
3.563827710641799927e+11
3.604054365204043579e+11
3.627152096451273804e+11
3.634864012837875977e+11
3.628893083875338135e+11
3.610869620824260254e+11
3.582329675798327026e+11
3.544701941800059204e+11
3.499301127944832764e+11
3.447326151424061279e+11
3.389861814723705444e+11
3.327882917529127197e+11
3.262259987860020752e+11
3.193766009783195801e+11
3.123083680516290894e+11
3.050812853293846436e+11
2.977477919273193970e+11
2.903534956822810059e+11
2.829378533941969604e+11
2.755348092884318237e+11
2.681733878270387573e+11
2.608782393497571411e+11
2.536701387069538879e+11
2.465664382135313416e+11
2.395814770298475342e+11
2.327269495605938110e+11
2.260122357319997559e+11
2.194446961198195801e+11
2.130299349009082947e+11
2.067720335243046265e+11
2.006737578689001770e+11
1.947367414937098083e+11
1.889616474077977295e+11
1.833483105995073853e+11
1.778958633776132812e+11
1.726028453935081177e+11
1.674673000389212646e+11
1.624868587482914124e+11
1.576588145813881531e+11
1.529801863197139893e+11
1.484477741799239502e+11
1.440582081290635376e+11
1.398079896787682190e+11
1.356935279384095306e+11
1.317111706199048462e+11
1.278572306083249512e+11
1.241280086423951263e+11
1.205198125862448730e+11
1.170289737178618164e+11
1.136518604100986481e+11
1.103848895357600708e+11
1.072245358891950531e+11
1.041673398819373169e+11
1.012099137392321777e+11
9.834894639694136047e+10
9.558120727422434998e+10
9.290354907609162903e+10
9.031290976108967590e+10
8.780631379270469666e+10
8.538087277851667786e+10
8.303378558804034424e+10
8.076233802893798828e+10
7.856390215112272644e+10
7.643593523948388672e+10
7.437597854815933228e+10
7.238165582237768555e+10
7.045067164794606018e+10
6.858080966308468628e+10
6.676993066264942169e+10
6.501597062076107788e+10
