0.000000000000000000e+00
1.393191454897417171e-24
2.225260698178592477e-04
6.655944539450713364e+02
8.328266497438567458e+05
4.926986056124407798e+07
6.541281765818467140e+08
3.766427657091922760e+09
1.301684682931893539e+10
3.226225634719358826e+10
6.371069571580419922e+10
1.070839791508508453e+11
1.599768833783072510e+11
2.187997892818578796e+11
2.797187326271537476e+11
3.393113461686981201e+11
3.949003418599310303e+11
4.446389194300958252e+11
4.874452675061730347e+11
5.228658690464055176e+11
5.509202597490836182e+11
5.719564959512579346e+11
5.865303456702965088e+11
5.953114567457402344e+11
5.990146619234466553e+11
5.983524238833707275e+11
5.940039239431070557e+11
5.865966248344621582e+11
5.766967989264212646e+11
5.648062431739708252e+11
5.513630734864974365e+11
5.367450548001851807e+11
5.212743703428162231e+11
5.052230747896776733e+11
4.888187286226746216e+11
4.722498933420313721e+11
4.556712957423778687e+11
4.392085579748278198e+11
4.229624494379902954e+11
4.070126549968604736e+11
3.914210778380402832e+11
3.762347089917160034e+11
3.614881024733715210e+11
3.472054974557362671e+11
3.334026285094783325e+11
3.200882628773249512e+11
3.072655007332969971e+11
2.949328709344615479e+11
2.830852512220878906e+11
2.717146383762848816e+11
2.608107905898676758e+11
2.503617613652698975e+11
2.403543415772279663e+11
2.307744239846705017e+11
2.216073024045861511e+11
2.128379159577966309e+11
2.044510472367250977e+11
1.964314819020035706e+11
1.887641360632886047e+11
1.814341568154462280e+11
1.744270004623922729e+11
1.677284922475754395e+11
1.613248708046085510e+11
1.552028200284850159e+11
1.493494906336138611e+11
1.437525132978339539e+11
1.384000049817125549e+11
1.332805697508998108e+11
1.283832952090459290e+11
1.236977454630532227e+11
1.192139513863741608e+11
1.149223988146890259e+11
1.108140151979663696e+11
1.068801551403459930e+11
1.031125851815718994e+11
9.950346810875160217e+10
9.604534703268298340e+10
9.273112941767915344e+10
8.955407121571932983e+10
8.650776122436718750e+10
8.358610576151220703e+10
8.078331372831828308e+10
7.809388211378469849e+10
7.551258197947764587e+10
7.303444495090361023e+10
7.065475023198864746e+10
6.836901215115321350e+10
6.617296824090892029e+10
6.406256784773702240e+10
6.203396126487522888e+10
6.008348937743351746e+10
5.820767380679010773e+10
5.640320753938541412e+10
5.466694602365153503e+10
5.299589871795900726e+10
5.138722107183889008e+10
4.983820692245523071e+10
4.834628128822666931e+10
4.690899354162862396e+10
4.552401094340029144e+10
