0.000000000000000000e+00
2.275035320111632095e-36
3.598214696818324608e-10
1.106960784110141149e-01
1.413885686996313098e+03
3.379556137758429395e+05
1.139610071565108187e+07
1.277921503822151572e+08
7.284773782053248882e+08
2.665690860450285435e+09
7.191480247796868324e+09
1.560576521996885109e+10
2.885062784915246582e+10
4.726083511611953735e+10
7.053050219812988281e+10
9.784030038817411804e+10
1.280554320936016388e+11
1.599223636179059753e+11
1.922249380323396912e+11
2.238877019147837830e+11
2.540305649960724487e+11
2.819859036368792114e+11
3.072903807220385132e+11
3.296620558030952148e+11
3.489707142318731689e+11
3.652067609248288574e+11
3.784519184230281982e+11
3.888534289875628662e+11
3.966024257334745483e+11
4.019164974116539917e+11
4.050261134472454224e+11
4.061644067102237549e+11
4.055597606645736694e+11
4.034306653365132446e+11
3.999823598874638672e+11
3.954048476024219971e+11
3.898719394119241943e+11
3.835410478742587891e+11
3.765535116354354858e+11
3.690352796894139404e+11
3.610978254316028442e+11
3.528391933111317139e+11
3.443451068828828735e+11
3.356900873319586182e+11
3.269385471231973267e+11
3.181458352352834473e+11
3.093592192565503540e+11
3.006187961006429443e+11
2.919583277762026978e+11
2.834060019410534668e+11
2.749851192266227417e+11
2.667147107943853760e+11
2.586100904894500122e+11
2.506833464422398987e+11
2.429437771583959045e+11
2.353982771186696472e+11
2.280516767526912537e+11
2.209070414025847473e+11
2.139659335908363037e+11
2.072286425779203491e+11
2.006943848572584534e+11
1.943614789011907654e+11
1.882274971498320312e+11
1.822893979307308044e+11
1.765436397140848999e+11
1.709862798471947937e+11
1.656130596736764221e+11
1.604194777265661926e+11
1.554008524897159119e+11
1.505523760467023010e+11
1.458691597802461548e+11
1.413462731456104126e+11
1.369787764176139374e+11
1.327617482011755219e+11
1.286903083980795898e+11
1.247596372369300842e+11
1.209649908975680237e+11
1.173017141946758728e+11
1.137652507265625153e+11
1.103511508437774658e+11
1.070550777468620758e+11
1.038728119828574066e+11
1.008002545755221710e+11
9.783342899360000610e+10
9.496848213483197021e+10
9.220168448008348083e+10
8.952942955144239807e+10
8.694823279033647156e+10
8.445472995607936096e+10
8.204567513161334229e+10
7.971793841129586792e+10
7.746850333522288513e+10
7.529446412548234558e+10
7.319302277184030151e+10
7.116148600749864197e+10
6.919726220957244873e+10
6.729785825367959595e+10
6.546087634759346008e+10
6.368401086490253448e+10
6.196504519624089050e+10
