0.000000000000000000e+00
2.210871189930080127e-34
3.438974149628743397e-09
4.857917466567356901e-01
4.200036813688671828e+03
7.940346221911308821e+05
2.289520172051747516e+07
2.295490228361683786e+08
1.203066466134274006e+09
4.123542127123506069e+09
1.055671184068189049e+10
2.194652172080533981e+10
3.914698897257621765e+10
6.221386570791538239e+10
9.046429254158178711e+10
1.226962449103142548e+11
1.574504974003157349e+11
1.932383077272579651e+11
2.287024930657259216e+11
2.627098505911643372e+11
2.943877307841126709e+11
3.231217629864483643e+11
3.485302898461453857e+11
3.704274832595558472e+11
3.887833111664931030e+11
4.036853371037089233e+11
4.153049849583877563e+11
4.238693250663328857e+11
4.296384693310714111e+11
4.328881280738510132e+11
4.338966332436918945e+11
4.329356614394855347e+11
4.302639194267927856e+11
4.261231343931255493e+11
4.207357901333898315e+11
4.143041508060257568e+11
4.070102064389217529e+11
3.990162548250388794e+11
3.904659017361670532e+11
3.814853160735677490e+11
3.721846200444003296e+11
3.626593283694420776e+11
3.529917765599411621e+11
3.432524979788338623e+11
3.335015240473774414e+11
3.237895926837305298e+11
3.141592577684956665e+11
3.046458978496706543e+11
2.952786259958835449e+11
2.860811051279191284e+11
2.770722746451914673e+11
2.682669949783352051e+11
2.596766170371557617e+11
2.513094835328786316e+11
2.431713689432467651e+11
2.352658645390841370e+11
2.275947144583627014e+11
2.201581083401807861e+11
2.129549355445973206e+11
2.059830055046442871e+11
1.992392382967148438e+11
1.927198290824706421e+11
1.864203896742118530e+11
1.803360701077892456e+11
1.744616627729897766e+11
1.687916913500071106e+11
1.633204865304434509e+11
1.580422502599781799e+11
1.529511100257151794e+11
1.480411645210149536e+11
1.433065218531937561e+11
1.387413313112439880e+11
1.343398095808612976e+11
1.300962621797150574e+11
1.260051007858303070e+11
1.220608570441126556e+11
1.182581933593971405e+11
1.145919111173611908e+11
1.110569567159520721e+11
1.076484257391253815e+11
1.043615655598901215e+11
1.011917766210578918e+11
9.813461260816900635e+10
9.518577969971195984e+10
9.234113505413656616e+10
8.959668467095162964e+10
8.694858074382072449e+10
8.439311860681689453e+10
8.192673336041836548e+10
7.954599625118275452e+10
7.724761086808082581e+10
7.502840920898100281e+10
7.288534766256137085e+10
7.081550294380308533e+10
6.881606801513223267e+10
6.688434801986206055e+10
6.501775625018209839e+10
6.321381016784208679e+10
6.147012749240829468e+10
5.978442236901287079e+10
